13166,1
15877,1
15967,1
16106,1
16452,1
16457,1
16485,1
16519,1
16555,1
16765,1
17154,1
17298,1
17413,1
17477,1
17555,1
17573,1
17578,1
17607,1
17722,1
17819,1
17908,1
17927,1
18359,1
18498,1
18501,1
18720,1
18765,1
19188,1
19230,1
19245,1
19300,1
19502,1
19630,1
19687,1
19696,1
19711,1
19741,1
19797,1
19837,1
19852,1
19863,1
19868,1
20128,1
20136,1
20187,1
20225,1
20332,1
20361,1
20437,1
20453,1
20487,1
20528,1
20552,1
20611,1
20680,1
20687,1
20694,1
20733,1
20742,1
20745,1
20873,1
20881,1
20978,1
21157,1
21200,1
21206,1
21230,1
21232,1
21242,1
21248,1
21274,1
21375,1
21455,1
21503,1
21506,1
21532,1
21549,1
21559,1
21606,1
21637,1
21785,1
21822,2
21839,1
21856,1
21879,1
21888,1
21978,1
22012,1
22032,1
22035,1
22036,1
22078,1
22079,1
22113,1
22173,1
22248,1
22260,1
22282,1
22302,1
22424,1
22467,1
22505,1
22552,1
22558,1
22625,1
22650,1
22669,1
22698,1
22711,1
22712,1
22743,1
22796,1
22812,1
22864,1
22876,1
22880,1
22956,1
22979,1
22982,1
22987,1
23037,1
23068,1
23087,1
23162,1
23177,1
23178,1
23204,1
23205,1
23238,1
23334,1
23399,1
23406,1
23429,1
23448,1
23516,1
23569,1
23627,1
23628,1
23683,1
23792,1
23803,1
23846,1
23863,1
23937,1
23945,1
23987,1
24019,1
24020,1
24040,1
24050,1
24069,1
24071,1
24102,1
24153,1
24189,1
24407,1
24424,1
24432,1
24457,1
24521,1
24523,1
24588,1
24647,1
24648,1
24719,1
24757,1
24786,1
24792,1
24807,1
24886,1
24901,1
24903,1
24908,1
24935,1
24946,1
24952,1
24986,1
25124,1
25200,1
25275,1
25283,1
25287,1
25295,1
25303,1
25330,1
25331,1
25345,1
25383,1
25397,1
25431,1
25433,1
25440,1
25474,1
25481,1
25482,1
25520,1
25571,1
25579,1
25609,1
25633,1
25660,1
25801,1
25818,1
25834,1
25864,1
25882,1
25982,1
26073,1
26099,1
26131,1
26138,1
26202,1
26281,1
26419,1
26456,1
26460,1
26462,1
26521,1
26565,1
26617,1
26689,1
26745,1
26765,1
26766,1
26882,1
26885,1
27018,1
27038,1
27151,1
27156,1
27157,1
27182,1
27230,1
27283,1
27295,1
27301,1
27316,1
27412,1
27425,1
27479,1
27489,1
27493,1
27528,1
27580,1
27619,1
27667,1
27744,1
27776,1
27792,1
27815,1
27821,1
27832,1
27905,1
27906,1
28008,1
28017,1
28044,1
28057,1
28068,1
28099,1
28140,1
28186,1
28205,1
28217,1
28278,1
28303,1
28336,1
28373,1
28375,1
28406,1
28433,1
28472,1
28496,1
28529,1
28554,1
28623,1
28664,1
28674,1
28730,1
28756,1
28878,1
28897,1
28957,1
29002,1
29068,1
29094,1
29136,1
29141,1
29143,1
29153,1
29221,1
29264,1
29305,1
29387,1
29406,1
29413,1
29449,1
29515,1
29545,1
29560,1
29566,1
29589,1
29600,1
29611,1
29631,1
29632,1
29683,1
29717,1
29739,1
29762,1
29765,1
29766,1
29768,2
29786,1
29805,1
29828,1
29892,1
29933,1
29960,1
30002,1
30035,1
30212,1
30219,1
30221,1
30261,1
30395,1
30486,1
30510,1
30537,1
30569,1
30656,1
30663,1
30665,1
30672,1
30707,1
30709,1
30725,1
30754,2
30765,1
30796,1
30959,1
31044,1
31045,1
31065,1
31085,1
31104,1
31132,1
31138,1
31149,1
31170,1
31239,1
31289,1
31321,1
31343,1
31365,1
31383,1
31389,1
31402,1
31403,1
31465,1
31473,1
31544,1
31576,1
31642,1
31679,1
31700,1
31725,1
31779,1
31789,1
31841,1
31873,1
31885,1
31900,1
31925,1
31941,1
31955,1
31973,2
31975,1
32020,1
32117,2
32149,1
32161,1
32176,1
32280,1
32291,1
32296,1
32299,1
32343,1
32424,1
32470,1
32504,1
32509,1
32519,1
32627,1
32657,1
32671,1
32705,1
32730,1
32853,1
32862,1
32908,1
32922,1
32938,1
32964,1
32990,1
33011,1
33162,1
33180,1
33195,1
33207,1
33226,1
33235,1
33266,1
33284,1
33303,1
33316,2
33326,1
33329,1
33375,1
33453,1
33460,1
33493,1
33527,1
33732,1
33829,1
33883,1
33921,1
33986,1
34104,1
34155,1
34159,1
34214,1
34233,1
34235,1
34240,1
34273,1
34314,2
34326,1
34380,1
34407,1
34515,1
34540,1
34559,1
34679,1
34745,1
34753,1
34815,1
34833,1
34864,1
34922,1
34928,1
34935,1
35146,1
35207,1
35234,1
35296,1
35448,1
35495,1
35625,1
35632,1
35696,1
35715,1
35762,1
35833,1
35861,1
35876,1
35877,1
35926,1
35948,1
35963,1
35987,1
36040,1
36050,1
36101,1
36160,1
36176,1
36246,1
36255,1
36259,1
36277,1
36373,1
36386,1
36408,1
36517,1
36573,1
36604,1
36630,1
36668,1
36677,1
36682,1
36684,1
36687,1
36723,1
36783,1
36883,1
36943,1
36958,1
36981,1
36986,1
37011,1
37019,1
37035,1
37036,1
37038,1
37065,1
37126,1
37131,1
37142,1
37151,1
37165,1
37188,1
37213,1
37226,1
37231,1
37270,1
37273,1
37274,1
37305,1
37327,1
37352,1
37372,1
37433,1
37444,1
37451,1
37459,1
37463,1
37470,1
37471,1
37546,1
37547,1
37552,1
37578,1
37586,1
37590,1
37628,1
37633,1
37634,1
37646,1
37654,1
37670,1
37686,1
37694,1
37708,1
37714,1
37723,1
37725,1
37732,1
37775,1
37787,1
37822,1
37828,1
37881,1
37884,1
37886,1
37894,1
37915,1
37937,1
37979,1
38000,1
38022,1
38027,1
38029,1
38033,1
38040,1
38074,1
38077,1
38083,1
38088,1
38122,1
38133,1
38158,1
38169,1
38197,1
38203,1
38252,1
38254,1
38256,1
38261,1
38265,1
38271,1
38317,1
38356,1
38382,1
38388,1
38394,1
38447,1
38456,1
38488,1
38492,1
38508,1
38529,1
38581,2
38587,1
38591,1
38597,1
38609,1
38641,1
38649,1
38693,1
38694,1
38706,1
38711,1
38731,1
38734,1
38739,1
38744,1
38753,1
38779,1
38786,1
38789,1
38792,1
38798,1
38821,1
38841,1
38850,1
38875,1
38881,1
38887,1
38888,1
38889,1
38891,1
38931,1
38933,1
38945,1
38955,1
38962,1
38966,1
38980,1
38985,1
39046,1
39051,1
39072,1
39107,1
39112,1
39115,1
39129,1
39134,1
39137,1
39139,2
39141,1
39176,1
39184,1
39208,1
39221,1
39250,1
39252,1
39301,1
39307,1
39309,1
39317,1
39329,1
39347,1
39354,1
39358,1
39395,1
39402,2
39412,1
39419,1
39430,1
39438,1
39449,2
39452,1
39453,1
39465,1
39469,1
39495,1
39507,1
39508,1
39532,1
39534,1
39544,1
39557,1
39562,1
39577,1
39612,1
39625,1
39644,1
39645,1
39688,1
39699,1
39704,1
39705,1
39710,1
39730,1
39733,1
39743,1
39783,1
39785,1
39803,1
39826,1
39837,1
39870,1
39877,1
39885,1
39898,1
39904,1
39955,1
39969,1
39978,1
39991,1
39997,1
40019,1
40026,1
40032,1
40033,2
40057,1
40064,1
40074,1
40098,1
40105,1
40131,1
40132,1
40150,1
40156,1
40177,1
40188,1
40190,1
40193,1
40198,1
40199,1
40203,1
40223,1
40234,1
40243,1
40251,1
40252,1
40258,1
40270,1
40287,1
40289,1
40292,1
40308,1
40320,1
40323,1
40330,1
40335,1
40347,1
40377,1
40380,1
40383,1
40420,1
40422,1
40425,1
40471,1
40477,1
40500,1
40506,1
40510,1
40516,1
40524,1
40536,2
40537,1
40540,1
40551,2
40553,1
40563,1
40564,1
40568,2
40575,1
40635,1
40645,1
40649,1
40660,1
40725,1
40742,1
40743,1
40753,1
40774,1
40783,1
40801,1
40809,1
40813,1
40814,1
40824,2
40827,1
40835,1
40858,1
40869,1
40887,2
40898,1
40914,1
40915,1
40922,1
40928,1
40941,1
40964,1
40969,1
40976,1
40982,1
40994,1
41005,1
41009,1
41019,1
41047,1
41062,1
41064,1
41067,1
41072,1
41085,1
41113,1
41114,1
41156,1
41176,1
41184,1
41185,1
41191,1
41193,1
41197,1
41212,1
41220,1
41242,1
41249,1
41263,1
41264,1
41273,1
41278,1
41285,1
41299,1
41316,1
41322,1
41328,1
41363,1
41375,1
41414,1
41426,1
41438,1
41439,1
41445,1
41457,1
41483,1
41486,1
41504,1
41515,1
41527,1
41529,1
41532,1
41553,1
41554,1
41589,1
41596,1
41616,1
41623,1
41628,1
41630,1
41642,1
41659,1
41676,1
41683,1
41706,1
41732,1
41744,1
41748,1
41750,1
41751,1
41758,1
41767,1
41779,1
41802,2
41811,1
41819,1
41825,1
41852,1
41853,1
41854,1
41897,1
41920,1
41932,2
41950,1
41963,1
41988,1
41998,1
42015,1
42016,2
42036,1
42045,1
42055,1
42056,1
42061,1
42085,1
42090,1
42091,1
42093,1
42094,1
42095,1
42108,1
42109,1
42112,1
42163,1
42165,1
42168,1
42172,1
42188,1
42195,1
42203,1
42204,1
42217,1
42219,1
42232,1
42234,1
42248,1
42251,1
42256,1
42260,1
42265,1
42280,2
42285,1
42287,1
42293,1
42296,1
42303,1
42311,1
42325,1
42328,1
42343,1
42352,1
42357,1
42361,1
42362,1
42370,2
42380,1
42396,2
42405,1
42417,1
42422,1
42443,1
42456,1
42457,1
42459,1
42461,1
42470,1
42477,1
42490,1
42492,1
42495,2
42500,1
42501,1
42508,1
42528,1
42529,1
42530,1
42544,1
42580,1
42610,1
42615,1
42630,1
42640,3
42650,1
42669,1
42671,1
42672,1
42691,1
42701,1
42709,1
42710,1
42718,1
42720,1
42730,1
42756,1
42765,1
42766,1
42820,1
42827,2
42840,1
42845,1
42848,1
42858,1
42859,1
42869,1
42921,1
42928,1
42930,1
42948,1
42949,1
42953,1
42955,1
42983,2
42997,1
43010,1
43019,1
43028,1
43029,1
43038,1
43059,1
43077,1
43078,1
43081,1
43084,1
43097,1
43115,1
43121,1
43127,1
43140,1
43144,1
43152,1
43153,1
43178,2
43198,1
43206,1
43217,1
43226,1
43228,1
43250,1
43254,1
43260,1
43264,1
43265,1
43275,1
43280,1
43289,1
43313,1
43322,1
43324,1
43334,1
43336,1
43349,1
43398,1
43410,1
43413,1
43429,1
43462,1
43472,1
43488,1
43524,1
43528,1
43533,1
43537,1
43541,1
43554,1
43557,1
43569,2
43576,2
43578,1
43591,1
43607,1
43613,1
43614,1
43617,1
43622,1
43651,1
43667,1
43670,1
43680,1
43691,1
43728,1
43733,1
43735,1
43744,1
43761,1
43790,1
43802,1
43813,1
43828,1
43839,1
43853,1
43855,1
43862,1
43864,1
43865,1
43877,1
43886,1
43892,1
43907,1
43914,1
43937,1
43945,1
43957,1
43958,1
43963,1
43969,2
43973,1
43976,1
43981,1
43985,1
43992,1
44006,1
44033,1
44035,1
44042,1
44054,2
44060,1
44066,1
44075,1
44082,1
44099,1
44107,1
44120,1
44123,1
44124,1
44141,1
44170,2
44183,1
44201,1
44213,1
44217,1
44227,1
44239,1
44243,1
44251,1
44264,1
44266,2
44267,2
44270,1
44298,1
44301,1
44316,1
44322,1
44323,1
44325,1
44328,1
44341,1
44343,1
44354,1
44355,1
44363,1
44366,1
44396,2
44397,1
44399,1
44403,1
44405,1
44423,1
44436,2
44458,1
44490,1
44496,1
44512,1
44513,1
44522,1
44539,1
44541,1
44542,1
44544,1
44551,1
44556,1
44580,1
44587,1
44591,1
44596,1
44599,1
44618,1
44630,1
44633,1
44635,1
44659,1
44661,1
44666,1
44670,1
44688,1
44693,1
44695,1
44696,1
44697,1
44704,1
44714,1
44715,1
44726,1
44735,1
44748,1
44758,1
44768,1
44786,1
44805,1
44836,1
44859,1
44871,1
44881,1
44893,1
44896,1
44897,1
44929,1
44944,1
44969,1
44971,1
44987,1
44988,1
45005,1
45008,2
45009,1
45031,1
45039,1
45074,1
45083,1
45104,1
45114,1
45122,1
45133,1
45138,1
45148,1
45154,1
45178,1
45180,1
45187,1
45203,1
45251,1
45258,1
45268,1
45271,1
45282,1
45304,1
45311,1
45315,1
45341,1
45342,1
45364,1
45383,1
45394,1
45396,1
45401,1
45419,1
45429,1
45483,1
45486,1
45493,1
45496,1
45501,1
45505,1
45508,1
45517,1
45527,1
45554,1
45565,1
45566,1
45573,1
45575,1
45576,1
45578,2
45580,1
45589,1
45614,1
45625,1
45631,1
45633,1
45670,1
45673,1
45676,1
45693,1
45719,1
45729,1
45734,1
45746,1
45753,1
45762,1
45773,1
45781,1
45782,1
45801,1
45818,1
45821,1
45830,1
45832,1
45845,1
45847,1
45853,1
45861,2
45888,1
45894,1
45896,1
45905,1
45907,1
45913,1
45936,1
45937,1
45941,1
45958,1
45970,1
45976,2
45978,1
45988,1
45990,1
45997,1
46008,1
46020,1
46023,1
46024,1
46027,1
46045,1
46046,1
46050,1
46059,1
46060,1
46065,1
46073,1
46085,1
46112,1
46122,1
46126,1
46144,1
46149,1
46150,1
46163,1
46165,1
46173,1
46174,1
46180,1
46193,1
46196,1
46197,1
46205,1
46206,1
46210,1
46211,1
46223,1
46238,1
46242,1
46246,1
46254,1
46261,1
46266,1
46277,1
46304,1
46308,1
46310,1
46313,1
46341,1
46348,1
46352,1
46358,1
46382,1
46401,1
46407,1
46416,1
46443,1
46444,1
46458,1
46467,1
46480,1
46481,1
46498,1
46520,1
46539,1
46540,1
46558,1
46563,1
46570,1
46575,1
46576,1
46613,1
46633,1
46647,1
46665,1
46671,1
46676,2
46684,1
46687,1
46698,1
46700,2
46713,1
46726,1
46746,1
46747,1
46748,1
46751,1
46752,1
46763,1
46773,1
46776,1
46779,1
46793,1
46803,1
46808,1
46809,1
46812,1
46814,1
46826,1
46840,1
46854,2
46855,1
46861,1
46862,1
46865,1
46880,1
46882,1
46886,1
46900,1
46915,1
46917,1
46918,1
46922,1
46942,1
46944,1
46962,1
46968,1
46978,1
46983,1
46995,1
47008,1
47020,1
47023,1
47031,1
47050,1
47057,1
47067,1
47069,1
47080,1
47091,1
47097,1
47102,1
47104,1
47112,1
47113,1
47118,1
47127,2
47135,1
47143,1
47148,1
47160,1
47164,1
47168,1
47172,1
47174,1
47177,1
47178,1
47189,1
47200,1
47204,1
47205,1
47206,1
47207,1
47217,1
47218,1
47233,1
47237,1
47249,1
47259,1
47262,1
47265,1
47268,1
47277,1
47279,1
47280,1
47293,1
47302,2
47308,1
47310,1
47320,2
47325,1
47333,1
47337,1
47338,1
47357,1
47376,1
47383,1
47399,1
47403,1
47430,1
47433,1
47443,1
47450,1
47458,1
47459,1
47463,1
47465,1
47468,1
47487,1
47498,1
47509,1
47516,1
47517,1
47518,1
47538,1
47543,1
47567,1
47571,1
47580,1
47590,1
47598,1
47623,1
47636,1
47697,1
47723,1
47735,1
47754,2
47758,1
47764,1
47775,1
47789,1
47792,1
47803,1
47806,1
47808,1
47811,1
47813,1
47818,1
47823,1
47831,1
47836,1
47843,1
47856,1
47864,1
47871,1
47875,1
47889,1
47892,1
47894,1
47900,1
47912,2
47913,1
47914,1
47918,1
47931,1
47934,1
47942,1
47959,1
47961,1
47962,1
47963,1
47966,1
47969,1
47973,1
47976,1
47997,1
47998,1
48009,1
48011,2
48016,1
48022,1
48039,1
48052,1
48065,1
48069,1
48075,1
48077,1
48083,1
48093,1
48094,1
48097,1
48103,1
48105,1
48106,1
48108,1
48117,1
48119,1
48126,1
48132,1
48137,2
48138,1
48144,1
48153,1
48159,1
48167,1
48170,1
48176,1
48185,1
48191,1
48199,1
48213,1
48232,1
48242,1
48247,1
48250,2
48277,1
48280,1
48290,1
48298,2
48303,1
48309,1
48313,2
48314,1
48325,1
48329,2
48331,1
48337,2
48340,1
48342,1
48344,1
48356,2
48395,1
48405,1
48410,1
48438,3
48444,1
48447,1
48452,1
48472,1
48474,1
48485,1
48488,1
48491,1
48492,1
48498,1
48501,1
48508,2
48509,1
48521,1
48528,1
48538,1
48543,1
48548,1
48549,1
48552,1
48554,1
48556,2
48561,1
48572,1
48576,1
48577,1
48586,1
48598,1
48600,1
48606,2
48608,1
48611,1
48615,1
48625,1
48627,2
48653,1
48659,1
48664,1
48666,1
48678,1
48703,1
48709,2
48738,1
48743,1
48745,1
48749,1
48760,1
48777,1
48785,1
48788,2
48803,2
48807,1
48812,1
48816,1
48823,1
48826,1
48839,1
48842,1
48857,1
48858,1
48865,1
48872,1
48876,1
48886,1
48890,1
48894,1
48899,1
48911,2
48924,1
48926,1
48939,1
48950,1
48952,1
48962,2
48968,1
48973,1
48982,1
48985,1
48991,1
48993,1
49000,1
49009,1
49010,1
49012,1
49015,1
49025,1
49029,1
49031,1
49034,1
49035,1
49043,1
49044,1
49064,1
49071,1
49072,1
49074,1
49089,1
49099,1
49103,1
49106,1
49108,1
49115,1
49117,1
49127,1
49131,1
49135,1
49136,1
49140,1
49147,1
49148,1
49156,1
49163,1
49168,1
49173,1
49188,1
49196,2
49201,1
49204,1
49206,1
49210,1
49225,1
49243,1
49255,1
49261,1
49264,2
49265,1
49266,1
49291,1
49308,2
49310,1
49314,1
49323,2
49331,2
49337,1
49363,1
49377,1
49379,1
49380,1
49385,1
49391,1
49403,1
49405,1
49406,1
49410,1
49413,1
49419,1
49426,1
49431,1
49439,1
49451,1
49455,2
49456,1
49460,1
49466,1
49474,1
49476,1
49478,1
49483,1
49485,1
49488,1
49494,1
49529,1
49535,1
49543,1
49560,1
49567,1
49573,1
49579,1
49588,1
49591,1
49601,1
49605,1
49607,1
49609,1
49616,1
49618,1
49622,3
49625,1
49630,1
49631,1
49634,1
49638,1
49641,1
49643,1
49646,1
49653,1
49654,1
49664,1
49667,1
49674,1
49680,1
49687,2
49688,1
49692,1
49693,1
49724,1
49731,1
49760,1
49770,1
49771,1
49777,1
49786,1
49788,1
49801,1
49814,1
49820,1
49829,1
49834,1
49841,2
49843,1
49851,2
49852,1
49853,1
49864,1
49884,1
49889,1
49897,1
49898,1
49902,1
49914,1
49921,1
49926,1
49939,1
49940,1
49944,1
49960,1
49977,1
49985,2
50004,1
50014,1
50017,1
50018,1
50021,2
50027,1
50029,1
50037,1
50044,1
50045,1
50054,1
50057,1
50060,1
50075,1
50084,1
50087,1
50090,1
50097,1
50108,1
50111,1
50115,2
50124,1
50131,1
50138,1
50154,1
50164,1
50171,1
50173,1
50192,1
50196,1
50216,1
50229,1
50258,1
50264,1
50267,1
50270,1
50280,1
50283,2
50284,2
50285,1
50287,1
50288,1
50305,2
50307,1
50312,1
50320,2
50326,1
50327,1
50330,1
50331,1
50333,1
50334,1
50336,1
50345,1
50352,1
50355,2
50356,1
50371,1
50372,1
50374,1
50378,1
50386,1
50387,1
50404,2
50406,2
50411,1
50419,1
50421,1
50422,1
50423,1
50424,1
50426,1
50436,1
50439,1
50449,1
50454,2
50459,1
50462,1
50463,1
50464,1
50470,1
50471,1
50474,1
50478,1
50480,1
50481,1
50484,1
50485,1
50490,1
50495,1
50496,1
50499,1
50503,1
50510,1
50512,1
50516,1
50517,1
50519,1
50529,1
50541,1
50545,1
50548,1
50552,1
50556,1
50564,1
50566,1
50568,1
50576,1
50577,1
50582,1
50583,1
50584,1
50590,1
50593,1
50603,1
50612,1
50613,1
50615,1
50616,1
50622,1
50624,1
50625,1
50633,1
50641,1
50645,1
50647,1
50659,2
50665,2
50666,1
50669,1
50675,1
50676,1
50677,2
50682,1
50688,2
50692,1
50716,1
50719,2
50733,1
50740,1
50744,1
50746,1
50748,1
50749,1
50751,2
50753,1
50755,1
50757,1
50764,2
50768,3
50769,1
50775,2
50776,1
50780,1
50789,1
50791,1
50803,1
50804,2
50813,1
50817,1
50822,1
50832,1
50833,4
50834,1
50838,1
50840,1
50844,1
50845,1
50847,1
50848,1
50849,1
50854,1
50860,1
50863,1
50864,1
50879,1
50881,1
50883,1
50897,2
50898,1
50903,1
50910,2
50917,1
50923,1
50927,1
50936,1
50938,1
50939,1
50943,1
50945,1
50948,1
50952,2
50954,1
50958,1
50965,1
50967,1
50969,1
50971,1
50977,1
50978,1
50980,1
50981,1
50985,1
50988,1
50993,1
50994,2
50997,1
51000,1
51001,1
51002,2
51004,1
51009,1
51010,2
51011,1
51012,1
51013,1
51018,1
51019,2
51020,1
51021,2
51022,2
51023,2
51028,2
51038,1
51039,1
51041,1
51048,1
51050,1
51051,1
51054,1
51059,2
51065,3
51066,1
51069,1
51071,1
51072,1
51073,1
51074,1
51075,1
51079,1
51081,1
51089,2
51095,3
51107,1
51109,3
51112,1
51113,2
51116,2
51118,2
51120,2
51125,3
51126,1
51127,2
51129,3
51132,2
51133,1
51134,1
51137,1
51141,1
51142,1
51144,1
51145,1
51147,1
51148,1
51152,1
51154,1
51156,2
51157,2
51163,1
51165,2
51168,1
51169,1
51170,1
51171,2
51175,1
51176,2
51179,1
51183,1
51190,1
51194,1
51197,2
51198,1
51199,1
51201,1
51203,2
51212,1
51217,2
51218,1
51219,1
51222,2
51223,2
51224,1
51232,1
51234,2
51235,1
51236,2
51237,1
51238,2
51239,2
51240,1
51243,2
51245,1
51248,1
51250,1
51251,2
51255,1
51257,1
51259,1
51263,2
51266,1
51268,2
51269,1
51273,2
51275,1
51278,1
51283,2
51286,2
51291,1
51295,1
51296,2
51297,1
51301,1
51303,2
51304,1
51305,2
51307,1
51310,1
51313,1
51317,1
51319,2
51323,1
51326,2
51337,1
51340,2
51342,1
51344,1
51349,2
51353,1
51356,2
51357,1
51363,2
51365,1
51366,2
51368,1
51371,2
51372,2
51373,1
51375,1
51378,1
51380,1
51381,1
51383,1
51385,1
51386,1
51395,1
51397,1
51401,1
51407,2
51408,2
51410,2
51411,1
51417,1
51418,1
51420,1
51422,1
51424,1
51426,1
51428,1
51432,1
51435,2
51436,1
51440,2
51441,1
51444,2
51446,1
51450,2
51454,2
51458,1
51460,3
51461,2
51468,1
51470,1
51471,1
51472,1
51476,1
51478,1
51484,1
51486,1
51490,1
51492,4
51493,1
51494,1
51495,2
51496,1
51497,1
51500,1
51501,3
51502,1
51504,2
51505,1
51506,1
51508,2
51509,2
51510,1
51511,1
51512,2
51514,1
51523,1
51525,2
51526,3
51527,2
51528,1
51529,2
51531,1
51532,2
51534,1
51536,1
51539,2
51543,3
51544,1
51545,2
51546,1
51547,1
51548,1
51549,1
51550,1
51552,3
51560,2
51561,1
51562,2
51564,2
51567,1
51570,1
51571,1
51573,1
51574,1
51576,2
51582,1
51584,3
51585,1
51586,1
51587,1
51588,1
51589,1
51590,4
51591,1
51593,2
51595,1
51596,1
51597,1
51598,1
51599,1
51600,3
51603,2
51606,1
51607,1
51608,2
51609,1
51610,1
51612,1
51613,2
51616,1
51620,1
51623,2
51626,1
51628,1
51629,1
51630,1
51632,1
51633,3
51634,2
51638,1
51640,1
51645,1
51646,1
51648,1
51651,2
51653,1
51654,1
51655,1
51656,1
51659,1
51660,1
51662,3
51664,1
51667,1
51669,3
51670,1
51671,1
51672,2
51675,2
51676,2
51677,2
51678,2
51679,3
51680,1
51683,1
51688,1
51690,1
51691,2
51693,2
51694,1
51697,1
51698,2
51700,1
51706,1
51708,2
51710,1
51712,2
51713,2
51714,1
51717,4
51720,2
51723,2
51724,1
51725,1
51727,1
51729,1
51730,1
51731,2
51732,2
51733,3
51734,1
51736,1
51737,2
51738,2
51739,1
51740,1
51743,2
51744,2
51745,2
51746,1
51747,1
51748,1
51749,1
51750,1
51752,1
51753,1
51754,2
51755,1
51756,2
51759,2
51760,1
51763,1
51766,3
51767,1
51768,1
51769,2
51781,1
51782,1
51787,3
51789,1
51790,1
51791,1
51794,1
51795,1
51797,4
51799,1
51801,2
51802,1
51803,2
51804,1
51805,4
51808,2
51809,1
51812,2
51815,1
51816,2
51817,1
51818,1
51820,2
51824,2
51826,2
51828,1
51829,1
51831,1
51832,1
51833,1
51834,2
51835,2
51836,2
51839,1
51840,2
51841,1
51843,1
51844,3
51845,1
51846,2
51848,1
51849,1
51851,2
51852,1
51853,1
51857,1
51858,2
51861,1
51863,1
51864,1
51865,1
51866,1
51868,2
51869,3
51871,1
51872,2
51874,2
51875,1
51879,1
51880,1
51881,2
51883,1
51886,1
51890,1
51892,1
51894,2
51895,1
51896,1
51897,2
51898,2
51900,3
51901,1
51903,1
51905,1
51907,1
51909,1
51911,3
51913,1
51914,1
51915,1
51916,2
51919,2
51920,2
51921,1
51923,1
51927,2
51928,2
51929,1
51932,1
51934,2
51937,3
51938,2
51939,1
51941,1
51944,1
51945,1
51946,1
51947,1
51949,2
51950,3
51951,2
51952,2
51953,1
51957,3
51959,1
51962,2
51964,2
51966,1
51967,1
51969,1
51970,1
51973,3
51974,1
51975,2
51976,3
51977,1
51979,3
51981,2
51984,1
51986,1
51987,1
51988,2
51991,3
51992,1
51993,1
51994,1
51997,3
52000,4
52001,2
52003,2
52004,2
52005,2
52006,2
52007,3
52009,3
52011,1
52012,1
52016,3
52017,1
52018,2
52019,1
52020,2
52021,2
52022,2
52023,3
52024,1
52026,3
52027,2
52028,1
52030,2
52032,1
52033,1
52034,2
52035,1
52036,1
52037,2
52039,2
52040,1
52041,1
52044,1
52046,1
52051,1
52052,1
52053,1
52054,1
52055,3
52057,1
52059,1
52060,2
52061,2
52063,2
52064,2
52065,1
52067,2
52068,3
52069,1
52072,1
52073,4
52074,1
52076,1
52077,3
52078,3
52079,2
52082,2
52083,1
52085,1
52086,2
52087,1
52089,1
52091,2
52092,1
52093,2
52095,1
52096,2
52097,1
52098,1
52101,1
52102,2
52103,4
52104,2
52106,3
52107,1
52109,3
52110,1
52111,1
52112,2
52114,1
52115,3
52116,2
52118,1
52119,1
52120,2
52121,3
52122,3
52123,2
52124,1
52125,2
52126,2
52129,4
52131,1
52132,3
52133,2
52134,1
52135,3
52136,1
52137,1
52138,1
52139,4
52140,1
52141,3
52142,2
52144,4
52145,1
52146,1
52147,2
52148,1
52149,1
52150,3
52151,1
52152,1
52153,2
52154,1
52156,1
52157,1
52158,1
52159,2
52160,1
52161,3
52162,1
52163,1
52164,1
52165,2
52169,3
52172,2
52173,1
52174,3
52175,2
52177,2
52178,1
52179,1
52182,2
52184,2
52185,3
52186,2
52187,3
52188,1
52189,1
52190,2
52191,1
52192,2
52193,4
52195,1
52197,1
52198,2
52199,1
52201,3
52202,1
52203,1
52204,4
52205,1
52207,3
52209,1
52210,1
52212,1
52214,3
52215,3
52216,1
52217,1
52219,2
52220,1
52222,1
52223,3
52224,1
52225,1
52226,2
52227,1
52228,2
52231,1
52232,4
52233,1
52234,1
52235,2
52236,2
52237,2
52238,3
52239,1
52240,2
52241,1
52242,1
52244,2
52247,1
52250,3
52254,1
52255,2
52256,2
52257,1
52258,1
52259,3
52262,3
52263,4
52264,2
52266,1
52267,4
52268,1
52269,1
52270,2
52271,1
52272,1
52273,1
52274,1
52276,2
52277,3
52279,1
52280,2
52282,2
52283,1
52284,1
52285,2
52286,3
52287,3
52288,4
52290,2
52291,2
52293,3
52296,1
52297,2
52299,2
52301,4
52302,4
52303,2
52304,4
52305,1
52306,3
52307,2
52308,3
52309,3
52310,2
52311,2
52312,1
52313,1
52314,3
52315,1
52316,3
52317,1
52318,3
52319,4
52320,3
52321,3
52322,2
52324,1
52326,3
52327,2
52328,2
52330,3
52331,1
52332,3
52333,2
52334,1
52335,1
52336,4
52337,2
52338,1
52339,1
52340,1
52342,3
52343,2
52344,2
52345,2
52346,3
52347,2
52348,1
52349,3
52350,1
52351,5
52352,1
52353,1
52356,3
52357,3
52358,3
52359,2
52360,1
52361,1
52362,2
52364,1
52365,3
52366,3
52367,3
52368,1
52369,3
52370,1
52371,2
52372,5
52373,2
52374,4
52376,2
52377,2
52378,1
52379,3
52380,1
52381,3
52383,2
52384,5
52385,1
52386,2
52387,3
52388,1
52389,3
52390,4
52392,1
52393,4
52394,1
52395,2
52396,3
52397,1
52398,2
52399,3
52400,2
52401,2
52402,2
52403,2
52404,2
52405,2
52406,4
52408,1
52409,2
52410,3
52411,2
52412,2
52413,1
52414,3
52415,1
52416,1
52417,5
52418,1
52419,1
52420,4
52421,2
52422,6
52423,2
52424,1
52425,1
52426,1
52427,2
52428,1
52429,1
52430,3
52432,6
52433,1
52434,2
52435,3
52436,5
52437,2
52438,6
52439,4
52440,3
52441,3
52442,4
52443,2
52444,1
52445,1
52446,3
52447,3
52448,4
52449,3
52450,1
52451,4
52452,2
52453,4
52454,3
52455,2
52456,3
52457,3
52458,3
52459,5
52460,7
52461,7
52462,4
52464,6
52465,1
52466,5
52467,4
52468,1
52469,5
52470,2
52471,2
52472,1
52473,6
52474,2
52475,2
52476,2
52477,4
52478,7
52479,3
52480,7
52481,2
52483,2
52484,6
52485,3
52486,3
52487,3
52488,3
52489,3
52490,4
52491,2
52492,2
52493,2
52494,1
52495,3
52496,4
52497,2
52498,3
52499,2
52500,2
52502,3
52503,2
52504,2
52505,3
52506,2
52507,2
52508,1
52509,2
52510,4
52511,3
52512,4
52513,6
52514,2
52515,4
52516,2
52517,4
52518,4
52519,6
52520,4
52521,6
52522,2
52523,6
52524,6
52525,2
52526,2
52528,4
52529,2
52530,3
52531,1
52532,8
52533,3
52534,2
52535,4
52536,1
52537,4
52538,4
52539,2
52540,5
52541,6
52542,3
52543,4
52544,2
52545,2
52546,3
52547,4
52548,2
52549,3
52550,3
52551,4
52552,2
52553,3
52554,4
52555,7
52556,2
52557,2
52558,2
52559,7
52560,6
52561,4
52562,5
52563,7
52564,3
52566,2
52567,3
52568,4
52569,3
52570,2
52571,3
52572,2
52573,3
52574,5
52575,3
52576,4
52577,2
52578,2
52579,4
52580,1
52581,3
52582,3
52583,3
52584,2
52585,1
52586,2
52587,4
52588,5
52589,6
52590,5
52591,4
52592,9
52593,3
52594,3
52595,4
52596,4
52597,2
52598,2
52599,7
52600,3
52601,2
52602,5
52603,7
52604,1
52605,3
52606,4
52607,1
52608,11
52609,2
52610,3
52611,2
52612,9
52613,4
52614,4
52615,5
52616,1
52617,3
52618,4
52619,2
52620,2
52621,4
52622,5
52623,6
52624,3
52625,2
52626,6
52627,3
52628,3
52629,7
52630,3
52631,3
52632,5
52633,6
52634,4
52636,4
52637,3
52638,3
52639,1
52640,5
52641,3
52642,8
52643,1
52644,5
52645,8
52646,3
52647,1
52648,3
52649,2
52650,4
52651,2
52652,5
52653,4
52654,4
52655,2
52656,7
52657,3
52658,2
52659,5
52660,6
52661,4
52662,7
52663,1
52664,4
52665,3
52666,6
52667,6
52668,4
52669,4
52670,7
52671,2
52672,7
52673,4
52674,4
52675,3
52676,7
52677,7
52678,5
52679,1
52680,6
52682,3
52683,4
52684,4
52685,5
52686,11
52687,8
52688,3
52689,3
52690,5
52691,4
52692,6
52693,5
52694,4
52695,8
52696,4
52697,5
52698,4
52699,2
52700,5
52701,7
52702,4
52703,5
52704,6
52705,2
52706,5
52707,5
52708,8
52709,1
52710,7
52711,4
52712,6
52713,6
52714,10
52715,5
52716,3
52717,4
52718,4
52719,2
52720,2
52721,7
52722,2
52723,2
52724,6
52725,4
52726,8
52727,7
52728,7
52729,3
52730,3
52731,3
52732,5
52733,2
52734,4
52735,9
52736,3
52737,5
52738,2
52739,7
52740,4
52741,4
52742,8
52743,4
52744,8
52745,6
52746,7
52747,4
52748,6
52749,3
52750,12
52751,1
52752,9
52753,6
52754,3
52755,4
52756,1
52757,5
52758,7
52759,6
52760,7
52761,5
52762,2
52763,2
52764,6
52765,6
52766,4
52767,5
52768,1
52769,9
52770,4
52771,1
52772,5
52773,5
52774,7
52775,2
52776,5
52777,5
52778,4
52779,4
52780,6
52781,3
52782,5
52783,9
52784,6
52785,2
52786,7
52787,3
52788,5
52789,4
52790,7
52791,4
52792,3
52793,7
52794,4
52795,7
52796,4
52797,8
52798,8
52799,3
52800,5
52801,9
52802,8
52803,6
52804,3
52805,8
52806,6
52807,5
52808,7
52809,10
52810,4
52811,6
52812,6
52813,4
52814,3
52815,3
52816,6
52817,4
52818,3
52819,4
52820,5
52821,9
52822,4
52823,8
52824,5
52825,6
52826,5
52827,5
52828,7
52829,2
52830,2
52831,5
52832,3
52833,2
52834,5
52835,5
52836,8
52837,2
52838,2
52839,8
52840,5
52841,2
52842,2
52843,7
52844,6
52845,2
52846,5
52847,7
52848,8
52849,6
52850,5
52851,3
52852,4
52853,9
52854,1
52855,5
52856,3
52857,7
52858,5
52859,11
52860,7
52861,1
52862,7
52863,8
52864,8
52865,6
52866,10
52867,3
52868,3
52869,3
52870,5
52871,6
52872,7
52873,6
52874,6
52875,5
52876,7
52878,6
52879,2
52880,7
52881,6
52882,9
52883,6
52884,3
52885,10
52886,11
52887,8
52888,6
52889,6
52890,5
52891,4
52892,6
52893,5
52894,3
52895,4
52896,4
52897,5
52898,4
52899,4
52900,6
52901,9
52902,9
52903,7
52904,6
52905,7
52906,5
52907,2
52908,4
52909,5
52910,3
52911,3
52912,3
52913,7
52914,5
52915,8
52916,7
52917,8
52918,5
52919,4
52920,4
52921,6
52922,6
52923,7
52924,4
52925,6
52926,3
52927,4
52928,4
52929,6
52930,2
52932,6
52933,3
52934,5
52935,6
52936,2
52937,2
52938,6
52939,8
52940,6
52941,4
52942,10
52943,7
52944,11
52945,2
52946,13
52947,7
52948,12
52949,14
52950,8
52951,4
52952,4
52953,7
52954,3
52955,7
52956,7
52957,9
52958,5
52959,4
52960,8
52961,9
52962,7
52963,1
52964,9
52965,9
52966,7
52967,4
52968,7
52969,5
52970,4
52971,7
52972,4
52973,9
52974,1
52975,3
52976,10
52977,3
52978,4
52979,3
52980,10
52981,7
52982,6
52983,5
52984,4
52985,3
52986,5
52987,7
52988,2
52989,10
52990,9
52991,3
52992,9
52993,12
52994,8
52995,5
52996,12
52997,3
52998,10
52999,6
53000,6
53001,7
53002,5
53003,8
53004,8
53005,9
53006,4
53007,5
53008,3
53009,11
53010,7
53011,7
53012,6
53013,6
53014,8
53015,7
53016,10
53017,2
53018,10
53019,9
53020,5
53021,4
53022,5
53023,8
53024,9
53025,10
53026,2
53027,10
53028,8
53029,6
53030,8
53031,10
53032,6
53033,7
53034,3
53035,2
53036,7
53037,7
53038,7
53039,7
53040,11
53041,3
53042,3
53043,9
53044,4
53045,5
53046,2
53047,5
53048,5
53049,5
53050,4
53051,12
53052,6
53053,9
53054,5
53055,9
53056,11
53057,7
53058,10
53059,7
53060,9
53061,6
53062,5
53063,5
53064,6
53065,6
53066,6
53067,7
53068,5
53069,3
53070,7
53071,6
53072,7
53073,4
53074,8
53075,6
53076,5
53077,6
53078,6
53079,10
53080,6
53081,11
53082,8
53083,5
53084,7
53085,11
53086,4
53087,6
53088,5
53089,3
53090,6
53091,9
53092,3
53093,8
53094,8
53095,4
53096,5
53097,6
53098,6
53099,5
53100,7
53101,3
53102,11
53103,5
53104,10
53105,4
53106,9
53107,1
53108,4
53109,5
53110,5
53111,8
53112,4
53113,7
53114,5
53115,8
53116,5
53117,11
53118,4
53119,5
53120,8
53121,11
53122,10
53123,6
53124,8
53125,10
53126,11
53127,7
53128,4
53129,1
53130,7
53131,10
53132,6
53133,3
53134,2
53135,4
53136,9
53137,5
53138,7
53139,8
53140,7
53141,6
53142,9
53143,8
53144,3
53145,9
53146,16
53147,8
53148,6
53149,8
53150,4
53151,3
53152,10
53153,8
53154,7
53155,7
53156,4
53157,7
53158,15
53159,5
53160,9
53161,5
53162,10
53163,8
53164,8
53165,7
53166,4
53167,6
53168,13
53169,6
53170,5
53171,6
53172,6
53173,8
53174,11
53175,7
53176,12
53177,9
53178,8
53179,13
53180,5
53181,6
53182,3
53183,5
53184,4
53185,3
53186,8
53187,11
53188,5
53189,3
53190,11
53191,11
53192,12
53193,3
53194,6
53195,8
53196,5
53197,5
53198,4
53199,1
53200,9
53201,12
53202,7
53203,5
53204,4
53205,12
53206,6
53207,3
53208,4
53209,6
53210,11
53211,12
53212,10
53213,3
53214,4
53215,7
53216,7
53217,2
53218,5
53219,9
53220,7
53221,10
53222,7
53223,8
53224,8
53225,7
53226,7
53227,9
53228,12
53229,9
53230,6
53231,9
53232,5
53233,13
53234,9
53235,13
53236,7
53237,14
53238,6
53239,5
53240,11
53241,6
53242,11
53243,7
53244,8
53245,6
53246,8
53247,3
53248,7
53249,7
53250,6
53251,8
53252,3
53253,3
53254,11
53255,5
53256,7
53257,12
53258,7
53259,11
53260,6
53261,10
53262,8
53263,7
53264,7
53265,5
53266,8
53267,9
53268,8
53269,11
53270,6
53271,13
53272,7
53273,7
53274,8
53275,6
53276,5
53277,5
53278,4
53279,7
53280,8
53281,7
53282,3
53283,5
53284,9
53285,12
53286,7
53287,12
53288,9
53289,2
53290,10
53291,14
53292,14
53293,6
53294,7
53295,9
53296,4
53297,10
53298,5
53299,6
53300,7
53301,11
53302,5
53303,6
53304,10
53305,14
53306,15
53307,7
53308,5
53309,8
53310,9
53311,8
53312,10
53313,5
53314,4
53315,4
53316,9
53317,14
53318,2
53319,6
53320,4
53321,4
53322,10
53323,8
53324,6
53325,12
53326,4
53327,8
53328,11
53329,9
53330,10
53331,5
53332,12
53333,6
53334,6
53335,7
53336,9
53337,9
53338,9
53339,8
53340,3
53341,4
53342,9
53343,13
53344,8
53345,7
53346,5
53347,7
53348,11
53349,13
53350,11
53351,9
53352,9
53353,9
53354,6
53355,8
53356,4
53357,14
53358,11
53359,9
53360,14
53361,2
53362,7
53363,6
53364,7
53365,8
53366,8
53367,8
53368,7
53369,8
53370,8
53371,8
53372,6
53373,7
53374,11
53375,8
53376,15
53377,11
53378,4
53379,6
53380,7
53381,13
53382,11
53383,9
53384,11
53385,12
53386,6
53387,9
53388,9
53389,8
53390,8
53391,8
53392,14
53393,5
53394,7
53395,7
53396,11
53397,10
53398,4
53399,11
53400,9
53401,4
53402,9
53403,8
53404,9
53405,7
53406,7
53407,3
53408,13
53409,11
53410,7
53411,6
53412,7
53413,8
53414,12
53415,4
53416,10
53417,7
53418,9
53419,19
53420,6
53421,9
53422,7
53423,4
53424,11
53425,4
53426,7
53427,8
53428,9
53429,14
53430,13
53431,4
53432,11
53433,6
53434,11
53435,12
53436,4
53437,15
53438,9
53439,7
53440,10
53441,6
53442,7
53443,11
53444,6
53445,10
53446,9
53447,3
53448,9
53449,10
53450,9
53451,13
53452,8
53453,6
53454,4
53455,6
53456,9
53457,5
53458,9
53459,6
53460,13
53461,12
53462,6
53463,11
53464,11
53465,10
53466,14
53467,13
53468,3
53469,8
53470,10
53471,8
53472,13
53473,11
53474,6
53475,10
53476,9
53477,9
53478,11
53479,7
53480,8
53481,6
53482,14
53483,7
53484,10
53485,6
53486,7
53487,12
53488,16
53489,9
53490,2
53491,10
53492,11
53493,17
53494,15
53495,13
53496,8
53497,8
53498,3
53499,9
53500,8
53501,7
53502,7
53503,9
53504,10
53505,7
53506,10
53507,7
53508,7
53509,7
53510,12
53511,9
53512,11
53513,8
53514,7
53515,15
53516,9
53517,6
53518,11
53519,6
53520,5
53521,6
53522,5
53523,11
53524,8
53525,12
53526,7
53527,8
53528,9
53529,13
53530,6
53531,9
53532,12
53533,12
53534,10
53535,7
53536,21
53537,10
53538,10
53539,8
53540,10
53541,15
53542,10
53543,5
53544,12
53545,17
53546,10
53547,14
53548,8
53549,7
53550,7
53551,10
53552,17
53553,4
53554,14
53555,9
53556,10
53557,16
53558,5
53559,3
53560,12
53561,10
53562,11
53563,7
53564,13
53565,5
53566,9
53567,7
53568,12
53569,9
53570,11
53571,15
53572,12
53573,12
53574,13
53575,7
53576,11
53577,13
53578,7
53579,13
53580,7
53581,8
53582,6
53583,7
53584,12
53585,15
53586,9
53587,8
53588,6
53589,12
53590,4
53591,10
53592,8
53593,6
53594,11
53595,11
53596,8
53597,8
53598,5
53599,6
53600,16
53601,5
53602,5
53603,10
53604,6
53605,8
53606,11
53607,16
53608,9
53609,10
53610,11
53611,8
53612,12
53613,9
53614,9
53615,6
53616,15
53617,15
53618,11
53619,11
53620,10
53621,10
53622,11
53623,11
53624,9
53625,8
53626,9
53627,12
53628,14
53629,12
53630,5
53631,13
53632,18
53633,10
53634,6
53635,11
53636,10
53637,15
53638,10
53639,9
53640,7
53641,8
53642,13
53643,9
53644,9
53645,10
53646,7
53647,15
53648,12
53649,12
53650,6
53651,6
53652,10
53653,9
53654,8
53655,11
53656,8
53657,9
53658,11
53659,14
53660,12
53661,13
53662,17
53663,10
53664,14
53665,10
53666,10
53667,13
53668,11
53669,13
53670,9
53671,15
53672,14
53673,12
53674,12
53675,19
53676,5
53677,13
53678,17
53679,5
53680,13
53681,9
53682,11
53683,9
53684,7
53685,13
53686,11
53687,10
53688,7
53689,6
53690,16
53691,10
53692,11
53693,6
53694,11
53695,17
53696,21
53697,8
53698,20
53699,17
53700,9
53701,15
53702,20
53703,12
53704,7
53705,11
53706,9
53707,16
53708,9
53709,7
53710,10
53711,11
53712,14
53713,19
53714,11
53715,6
53716,6
53717,13
53718,15
53719,11
53720,10
53721,10
53722,11
53723,12
53724,9
53725,7
53726,13
53727,6
53728,16
53729,12
53730,8
53731,12
53732,11
53733,14
53734,9
53735,10
53736,11
53737,14
53738,5
53739,10
53740,10
53741,7
53742,8
53743,9
53744,7
53745,11
53746,12
53747,15
53748,11
53749,15
53750,8
53751,12
53752,8
53753,9
53754,8
53755,10
53756,13
53757,8
53758,15
53759,7
53760,12
53761,13
53762,13
53763,15
53764,14
53765,10
53766,8
53767,6
53768,8
53769,11
53770,17
53771,11
53772,9
53773,17
53774,13
53775,7
53776,11
53777,11
53778,13
53779,8
53780,7
53781,12
53782,6
53783,6
53784,15
53785,13
53786,10
53787,11
53788,10
53789,12
53790,9
53791,12
53792,18
53793,5
53794,6
53795,12
53796,8
53797,16
53798,13
53799,4
53800,14
53801,12
53802,8
53803,12
53804,8
53805,7
53806,8
53807,14
53808,16
53809,20
53810,7
53811,10
53812,12
53813,5
53814,12
53815,7
53816,11
53817,13
53818,11
53819,14
53820,15
53821,11
53822,15
53823,6
53824,15
53825,6
53826,7
53827,14
53828,10
53829,20
53830,14
53831,10
53832,15
53833,8
53834,12
53835,11
53836,6
53837,8
53838,11
53839,8
53840,13
53841,7
53842,11
53843,15
53844,5
53845,11
53846,11
53847,8
53848,8
53849,7
53850,13
53851,10
53852,9
53853,11
53854,12
53855,9
53856,20
53857,5
53858,12
53859,10
53860,8
53861,16
53862,14
53863,7
53864,13
53865,13
53866,14
53867,15
53868,9
53869,14
53870,3
53871,9
53872,12
53873,11
53874,10
53875,13
53876,7
53877,11
53878,12
53879,16
53880,13
53881,11
53882,17
53883,10
53884,14
53885,9
53886,9
53887,9
53888,16
53889,10
53890,12
53891,10
53892,8
53893,11
53894,16
53895,9
53896,7
53897,8
53898,12
53899,7
53900,6
53901,12
53902,10
53903,17
53904,16
53905,11
53906,6
53907,11
53908,13
53909,14
53910,9
53911,6
53912,12
53913,12
53914,6
53915,8
53916,10
53917,9
53918,11
53919,11
53920,13
53921,12
53922,16
53923,13
53924,16
53925,17
53926,11
53927,9
53928,10
53929,12
53930,12
53931,4
53932,11
53933,8
53934,15
53935,15
53936,11
53937,10
53938,9
53939,3
53940,6
53941,11
53942,14
53943,12
53944,9
53945,8
53946,9
53947,12
53948,8
53949,10
53950,10
53951,10
53952,21
53953,15
53954,7
53955,12
53956,16
53957,7
53958,14
53959,11
53960,9
53961,10
53962,9
53963,17
53964,6
53965,15
53966,12
53967,5
53968,9
53969,5
53970,12
53971,12
53972,16
53973,11
53974,7
53975,5
53976,9
53977,10
53978,6
53979,11
53980,9
53981,14
53982,15
53983,8
53984,15
53985,15
53986,12
53987,8
53988,11
53989,9
53990,13
53991,4
53992,6
53993,14
53994,14
53995,11
53996,9
53997,12
53998,10
53999,15
54000,15
54001,13
54002,11
54003,11
54004,13
54005,13
54006,10
54007,15
54008,11
54009,11
54010,10
54011,15
54012,10
54013,12
54014,9
54015,11
54016,12
54017,8
54018,15
54019,7
54020,15
54021,13
54022,12
54023,14
54024,12
54025,8
54026,9
54027,9
54028,8
54029,10
54030,7
54031,16
54032,9
54033,5
54034,11
54035,6
54036,9
54037,17
54038,12
54039,12
54040,6
54041,4
54042,14
54043,13
54044,8
54045,9
54046,9
54047,8
54048,15
54049,13
54050,7
54051,8
54052,9
54053,10
54054,10
54055,10
54056,13
54057,13
54058,7
54059,15
54060,8
54061,5
54062,11
54063,7
54064,19
54065,10
54066,6
54067,8
54068,11
54069,11
54070,11
54071,12
54072,12
54073,12
54074,5
54075,9
54076,9
54077,9
54078,6
54079,11
54080,14
54081,11
54082,12
54083,11
54084,10
54085,10
54086,14
54087,14
54088,7
54089,9
54090,9
54091,12
54092,9
54093,7
54094,10
54095,9
54096,12
54097,6
54098,8
54099,11
54100,11
54101,11
54102,12
54103,13
54104,10
54105,7
54106,13
54107,8
54108,8
54109,10
54110,10
54111,12
54112,16
54113,7
54114,9
54115,14
54116,3
54117,13
54118,15
54119,9
54120,12
54121,8
54122,10
54123,11
54124,8
54125,10
54126,6
54127,9
54128,15
54129,2
54130,11
54131,9
54132,8
54133,10
54134,6
54135,10
54136,10
54137,12
54138,12
54139,17
54140,4
54141,10
54142,10
54143,5
54144,11
54145,5
54146,15
54147,9
54148,8
54149,6
54150,14
54151,8
54152,7
54153,12
54154,10
54155,12
54156,14
54157,8
54158,12
54159,5
54160,11
54161,10
54162,5
54163,10
54164,7
54165,12
54166,11
54167,6
54168,17
54169,4
54170,10
54171,9
54172,10
54173,9
54174,8
54175,9
54176,9
54177,7
54178,15
54179,14
54180,10
54181,13
54182,12
54183,8
54184,14
54185,6
54186,11
54187,8
54188,10
54189,9
54190,9
54191,15
54192,8
54193,10
54194,11
54195,7
54196,11
54197,12
54198,10
54199,6
54200,7
54201,7
54202,4
54203,13
54204,8
54205,10
54206,11
54207,10
54208,13
54209,10
54210,13
54211,6
54212,6
54213,6
54214,9
54215,10
54216,12
54217,10
54218,9
54219,13
54220,7
54221,6
54222,7
54223,13
54224,13
54225,10
54226,10
54227,8
54228,8
54229,7
54230,14
54231,5
54232,11
54233,15
54234,2
54235,18
54236,10
54237,5
54238,10
54239,10
54240,12
54241,9
54242,10
54243,8
54244,13
54245,13
54246,14
54247,15
54248,9
54249,7
54250,9
54251,8
54252,7
54253,11
54254,8
54255,11
54256,11
54257,6
54258,17
54259,11
54260,5
54261,7
54262,10
54263,9
54264,11
54265,16
54266,7
54267,12
54268,12
54269,5
54270,4
54271,9
54272,5
54273,11
54274,7
54275,10
54276,9
54277,13
54278,10
54279,11
54280,7
54281,8
54282,8
54283,9
54284,5
54285,6
54286,9
54287,11
54288,17
54289,6
54290,10
54291,14
54292,9
54293,11
54294,8
54295,16
54296,7
54297,13
54298,8
54299,9
54300,8
54301,11
54302,6
54303,11
54304,8
54305,6
54306,6
54307,7
54308,8
54309,4
54310,9
54311,8
54312,10
54313,8
54314,13
54315,11
54316,7
54317,9
54318,3
54319,7
54320,14
54321,7
54322,15
54323,7
54324,10
54325,11
54326,9
54327,8
54328,13
54329,9
54330,7
54331,9
54332,14
54333,8
54334,11
54335,6
54336,7
54337,7
54338,13
54339,3
54340,10
54341,10
54342,10
54343,15
54344,10
54345,10
54346,12
54347,7
54348,9
54349,10
54350,11
54351,7
54352,11
54353,6
54354,10
54355,9
54356,7
54357,9
54358,7
54359,13
54360,20
54361,10
54362,6
54363,8
54364,4
54365,3
54366,9
54367,6
54368,8
54369,5
54370,8
54371,4
54372,8
54373,13
54374,12
54375,11
54376,9
54377,13
54378,10
54379,5
54380,14
54381,6
54382,6
54383,6
54384,9
54385,8
54386,6
54387,14
54388,4
54389,9
54390,12
54391,8
54392,7
54393,7
54394,15
54395,9
54396,9
54397,4
54398,4
54399,8
54400,5
54401,5
54402,7
54403,8
54404,9
54405,5
54406,10
54407,11
54408,5
54409,8
54410,7
54411,9
54412,9
54413,6
54414,9
54415,7
54416,6
54417,4
54418,9
54419,3
54420,6
54421,8
54422,8
54423,7
54424,11
54425,8
54426,11
54427,4
54428,8
54429,5
54430,4
54431,11
54432,8
54433,9
54434,9
54435,5
54436,11
54437,16
54438,11
54439,4
54440,8
54441,4
54442,6
54443,11
54444,6
54445,9
54446,4
54447,6
54448,8
54449,8
54450,13
54451,7
54452,4
54453,6
54454,13
54455,8
54456,9
54457,12
54458,12
54459,7
54460,8
54461,3
54462,5
54463,9
54464,13
54465,9
54466,9
54467,6
54468,10
54469,13
54470,6
54471,10
54472,10
54473,6
54474,9
54475,11
54476,5
54477,9
54478,7
54479,6
54480,12
54481,6
54482,6
54483,7
54484,7
54485,17
54486,8
54487,7
54488,7
54489,3
54490,6
54491,7
54492,7
54493,9
54494,5
54495,10
54496,13
54497,6
54498,5
54499,4
54500,6
54501,7
54502,16
54503,9
54504,6
54505,6
54506,4
54507,9
54508,9
54509,8
54510,10
54511,6
54512,16
54513,11
54514,7
54515,11
54516,5
54517,12
54518,10
54519,5
54520,2
54521,10
54522,8
54523,10
54524,10
54525,6
54526,7
54527,5
54528,10
54529,11
54530,8
54531,9
54532,5
54533,9
54534,14
54535,9
54536,6
54537,6
54538,6
54539,15
54540,5
54541,7
54542,7
54543,5
54544,10
54545,6
54546,4
54547,7
54548,9
54549,9
54550,14
54551,9
54552,9
54553,7
54554,14
54555,12
54556,5
54557,3
54558,6
54559,7
54560,13
54561,4
54562,9
54563,4
54564,9
54565,10
54566,3
54567,7
54568,7
54569,1
54570,5
54571,6
54572,7
54573,5
54574,9
54575,6
54576,10
54577,11
54578,4
54579,2
54580,7
54581,9
54582,6
54583,6
54584,3
54585,10
54586,12
54587,8
54588,6
54589,9
54590,10
54591,8
54592,12
54593,5
54594,11
54595,5
54596,7
54597,6
54598,4
54599,6
54600,10
54601,6
54602,10
54603,13
54604,5
54605,9
54606,7
54607,6
54608,12
54609,7
54610,8
54611,7
54612,8
54613,10
54614,5
54615,9
54616,5
54617,7
54618,6
54619,7
54620,6
54621,4
54622,7
54623,5
54624,5
54625,7
54626,3
54627,14
54628,12
54629,4
54630,10
54631,5
54632,2
54633,7
54634,6
54635,11
54636,5
54637,5
54638,12
54639,10
54640,9
54641,5
54642,6
54643,11
54644,9
54645,8
54646,4
54647,8
54648,3
54649,6
54650,3
54651,8
54652,10
54653,5
54654,5
54655,8
54656,13
54657,5
54658,8
54659,3
54660,3
54661,4
54662,7
54663,3
54664,8
54665,4
54666,5
54667,12
54668,9
54669,9
54670,5
54671,3
54672,12
54673,9
54674,9
54675,5
54677,14
54678,10
54679,3
54680,9
54681,5
54682,8
54683,11
54684,7
54685,6
54686,6
54687,6
54688,7
54689,9
54690,1
54691,7
54692,6
54693,9
54694,10
54695,6
54696,1
54697,7
54698,9
54699,5
54700,8
54701,4
54702,5
54703,13
54704,7
54705,9
54706,4
54707,5
54708,9
54709,5
54710,9
54711,3
54712,4
54713,2
54714,4
54715,9
54716,8
54717,6
54718,6
54719,2
54720,10
54721,8
54722,8
54723,6
54724,2
54725,6
54726,10
54727,4
54728,1
54729,5
54730,8
54731,11
54732,4
54733,8
54734,9
54735,8
54736,4
54737,9
54738,6
54739,4
54740,7
54741,3
54742,9
54743,8
54744,10
54745,5
54746,8
54747,8
54748,3
54749,12
54750,3
54751,5
54752,7
54753,8
54754,5
54755,6
54756,7
54757,7
54758,9
54759,9
54760,14
54761,5
54762,8
54763,7
54764,7
54765,4
54766,3
54767,9
54768,6
54769,7
54770,4
54771,6
54772,11
54773,5
54774,3
54775,5
54776,11
54777,4
54778,8
54779,5
54780,11
54781,5
54782,10
54783,8
54784,6
54785,11
54786,3
54787,4
54788,7
54789,8
54790,6
54791,3
54792,3
54793,9
54794,8
54795,7
54796,5
54797,6
54798,8
54799,2
54800,7
54801,3
54802,10
54803,3
54804,8
54805,5
54806,5
54807,7
54808,8
54809,5
54810,11
54811,3
54812,5
54813,6
54814,5
54815,3
54816,7
54817,7
54818,11
54819,5
54820,6
54821,6
54822,5
54823,5
54824,8
54825,9
54826,5
54827,4
54828,7
54829,11
54830,3
54831,11
54832,11
54833,4
54834,12
54835,6
54836,5
54837,6
54838,1
54839,6
54840,8
54841,4
54842,2
54843,10
54844,4
54845,5
54846,10
54847,6
54848,5
54849,6
54850,4
54851,8
54852,7
54853,9
54854,8
54855,7
54856,6
54857,5
54858,4
54859,4
54860,11
54861,5
54862,8
54863,5
54864,10
54865,7
54866,8
54867,9
54868,4
54869,8
54870,2
54871,7
54872,7
54873,4
54874,9
54875,4
54876,4
54877,5
54878,6
54879,4
54880,4
54881,7
54882,10
54883,5
54884,3
54885,3
54886,8
54887,8
54888,5
54889,3
54890,3
54891,11
54892,6
54893,2
54894,3
54895,7
54896,11
54897,3
54898,2
54899,6
54900,10
54901,7
54902,6
54903,13
54904,6
54905,7
54906,5
54907,4
54908,6
54909,9
54910,5
54911,3
54912,10
54913,5
54914,3
54915,9
54916,1
54917,6
54918,4
54919,6
54920,9
54921,4
54922,10
54923,9
54924,4
54925,3
54926,3
54927,8
54928,7
54929,5
54930,6
54931,3
54932,6
54933,7
54934,5
54935,3
54936,6
54937,7
54938,1
54939,6
54940,5
54941,4
54942,4
54943,3
54944,8
54945,4
54946,4
54947,9
54948,3
54949,3
54950,5
54951,2
54952,5
54953,4
54954,5
54955,4
54956,3
54957,7
54958,3
54959,6
54960,5
54961,4
54962,9
54963,4
54964,5
54965,3
54966,1
54967,7
54968,10
54969,2
54970,4
54971,8
54972,3
54973,4
54974,10
54975,2
54976,5
54977,8
54978,4
54979,7
54980,7
54981,11
54982,4
54983,4
54984,8
54985,3
54986,5
54987,6
54988,4
54989,4
54990,7
54991,9
54992,7
54993,5
54994,5
54995,9
54996,6
54997,7
54998,8
54999,5
55000,4
55001,1
55002,6
55003,6
55004,3
55005,5
55006,7
55007,4
55008,8
55009,6
55010,3
55011,7
55012,5
55013,11
55014,4
55015,2
55016,8
55017,4
55018,5
55019,4
55020,2
55021,3
55022,4
55023,9
55024,2
55025,4
55026,6
55027,7
55028,5
55029,4
55030,7
55031,6
55032,2
55033,2
55034,5
55035,5
55036,3
55037,4
55038,3
55039,4
55040,7
55041,6
55042,8
55043,5
55044,3
55045,5
55046,6
55047,4
55048,6
55049,4
55050,9
55051,6
55052,1
55053,3
55054,6
55055,3
55056,10
55057,6
55058,5
55059,6
55060,8
55061,7
55062,3
55063,9
55064,6
55065,2
55066,4
55067,5
55068,7
55069,7
55070,3
55071,3
55072,9
55073,5
55074,6
55075,9
55076,2
55077,4
55078,9
55079,3
55080,5
55081,4
55082,5
55083,10
55084,2
55085,2
55086,2
55087,4
55088,13
55089,9
55090,5
55091,5
55092,6
55093,4
55094,5
55095,3
55096,3
55097,3
55098,6
55099,8
55100,5
55101,7
55102,3
55103,2
55104,4
55105,3
55106,5
55107,4
55108,3
55109,3
55110,11
55111,3
55112,3
55113,4
55114,10
55115,4
55116,6
55117,5
55118,6
55119,7
55120,5
55121,3
55122,4
55123,7
55124,8
55125,5
55126,4
55127,4
55128,2
55130,8
55131,7
55132,6
55133,14
55134,5
55135,5
55136,6
55137,3
55138,7
55139,10
55140,3
55141,7
55142,7
55143,4
55144,3
55145,2
55146,4
55147,4
55148,1
55149,4
55150,4
55151,2
55152,7
55154,4
55155,3
55156,4
55157,3
55158,2
55159,3
55160,1
55161,2
55162,5
55163,3
55164,5
55166,1
55167,3
55168,7
55169,2
55170,7
55171,7
55172,6
55173,5
55174,5
55175,4
55176,4
55177,6
55178,4
55179,10
55180,3
55181,3
55182,4
55183,5
55184,4
55185,4
55186,7
55187,3
55188,6
55189,5
55190,3
55191,9
55192,5
55193,4
55194,6
55195,6
55196,7
55197,5
55198,7
55199,3
55200,7
55201,3
55202,5
55203,3
55204,4
55205,5
55206,6
55207,2
55208,3
55209,2
55210,4
55211,4
55213,8
55214,2
55215,8
55216,9
55217,6
55218,3
55219,5
55220,4
55221,4
55222,2
55223,4
55224,5
55225,3
55226,6
55227,4
55228,3
55229,4
55230,5
55231,5
55232,5
55233,3
55234,3
55235,6
55236,6
55237,4
55238,4
55239,6
55240,2
55241,5
55242,2
55243,4
55244,1
55245,5
55246,6
55247,2
55248,4
55249,4
55250,8
55251,3
55252,5
55253,5
55254,5
55255,4
55256,8
55257,4
55258,9
55259,3
55260,6
55261,4
55262,5
55263,5
55264,4
55265,5
55266,5
55267,4
55268,4
55269,5
55270,1
55271,5
55272,1
55273,5
55274,5
55275,8
55276,4
55277,4
55278,3
55279,5
55280,6
55281,6
55282,2
55283,6
55284,2
55285,5
55286,5
55287,2
55288,1
55289,3
55290,6
55291,4
55292,2
55293,5
55294,5
55295,8
55296,7
55297,4
55298,4
55299,5
55300,7
55301,3
55302,3
55303,1
55304,5
55305,5
55306,6
55307,1
55308,2
55309,2
55310,3
55311,6
55312,2
55313,4
55314,4
55315,2
55316,3
55317,7
55318,6
55319,3
55320,4
55321,3
55322,5
55323,7
55324,6
55325,5
55326,9
55327,4
55328,8
55329,6
55330,3
55331,9
55332,6
55333,5
55334,5
55335,3
55336,7
55337,3
55338,5
55339,3
55340,4
55341,3
55342,2
55343,5
55344,3
55345,3
55346,7
55347,3
55348,3
55349,4
55350,3
55351,5
55352,3
55353,4
55354,4
55355,2
55356,8
55357,5
55358,2
55359,5
55360,5
55361,1
55363,2
55364,7
55365,8
55366,6
55367,3
55368,6
55369,5
55370,4
55371,5
55372,8
55373,8
55375,6
55376,8
55377,2
55378,8
55379,5
55380,4
55381,5
55382,7
55383,4
55384,5
55385,5
55386,8
55387,3
55388,5
55389,5
55390,1
55391,1
55392,6
55393,2
55394,3
55395,5
55396,6
55397,4
55398,1
55399,6
55400,6
55401,1
55402,6
55403,6
55404,5
55405,4
55406,3
55407,2
55408,3
55409,6
55410,7
55411,6
55412,4
55413,6
55414,8
55415,3
55416,2
55417,7
55418,6
55419,4
55420,2
55421,4
55422,5
55423,4
55424,7
55425,3
55426,4
55427,3
55428,2
55429,5
55430,6
55431,7
55432,5
55433,2
55434,7
55435,3
55436,3
55437,6
55438,9
55439,2
55440,5
55441,7
55442,8
55443,4
55444,1
55445,5
55446,6
55447,1
55448,5
55449,7
55450,3
55451,3
55452,9
55453,3
55454,4
55455,5
55456,6
55457,8
55458,2
55459,5
55460,2
55461,4
55463,6
55464,2
55465,3
55466,2
55467,3
55468,5
55469,6
55470,7
55471,6
55472,4
55474,3
55475,1
55476,6
55477,6
55478,5
55479,4
55480,2
55481,10
55482,4
55483,7
55484,3
55485,1
55486,7
55487,4
55488,10
55489,3
55490,1
55491,2
55492,5
55493,6
55494,4
55495,3
55496,3
55497,5
55498,7
55499,2
55500,1
55501,5
55502,5
55503,1
55504,7
55505,2
55506,4
55507,4
55508,3
55509,3
55510,4
55511,2
55512,3
55513,6
55514,6
55515,5
55516,5
55517,4
55518,2
55519,1
55520,4
55521,3
55522,3
55523,6
55524,2
55525,3
55526,3
55527,3
55528,2
55529,7
55530,3
55531,6
55532,2
55533,5
55534,3
55535,2
55536,5
55537,4
55538,1
55539,1
55540,1
55541,5
55542,7
55543,10
55544,1
55545,3
55546,2
55547,7
55548,1
55549,5
55550,9
55551,3
55552,8
55553,6
55554,2
55555,4
55556,5
55557,4
55558,4
55559,2
55560,4
55561,2
55562,5
55563,6
55564,5
55565,6
55566,1
55567,4
55568,4
55569,4
55570,6
55571,3
55572,2
55573,5
55574,5
55575,5
55576,6
55577,6
55578,4
55579,2
55580,3
55582,5
55583,4
55584,5
55585,4
55586,7
55587,3
55588,1
55589,6
55590,3
55591,2
55592,1
55593,5
55594,7
55595,3
55596,4
55597,2
55598,2
55599,6
55600,2
55601,2
55602,1
55603,5
55604,5
55606,2
55607,2
55608,5
55609,5
55610,2
55611,5
55612,4
55613,5
55614,3
55615,4
55616,1
55617,4
55618,5
55619,3
55620,5
55621,3
55622,3
55623,1
55624,4
55625,7
55626,6
55627,3
55628,4
55629,6
55630,5
55631,4
55632,5
55633,7
55634,3
55635,5
55636,3
55637,1
55638,8
55639,2
55640,4
55641,2
55642,7
55643,7
55644,6
55645,5
55646,4
55647,10
55648,2
55649,3
55650,3
55651,4
55652,6
55653,7
55654,3
55655,6
55656,4
55657,3
55658,5
55659,1
55660,4
55661,6
55662,5
55663,5
55664,5
55665,4
55666,4
55667,5
55668,2
55669,8
55670,4
55671,3
55672,5
55673,6
55674,4
55675,3
55676,9
55677,8
55678,5
55679,5
55680,3
55681,1
55682,4
55683,2
55684,1
55685,6
55686,3
55687,7
55688,4
55689,5
55690,4
55691,8
55692,5
55693,1
55694,2
55695,3
55696,4
55697,2
55698,5
55699,4
55700,5
55701,3
55702,1
55703,1
55704,4
55705,1
55706,4
55707,5
55708,3
55709,2
55710,1
55711,3
55712,1
55713,6
55714,3
55715,5
55716,1
55717,5
55718,6
55719,3
55720,5
55721,5
55722,2
55723,5
55724,3
55725,3
55726,6
55727,2
55728,5
55729,5
55730,4
55731,7
55732,4
55733,2
55734,1
55735,5
55736,3
55737,4
55738,3
55739,7
55740,2
55741,2
55742,1
55743,3
55744,6
55745,1
55746,3
55747,5
55748,5
55749,2
55750,5
55751,4
55752,2
55753,4
55754,7
55755,9
55756,4
55757,6
55758,6
55759,5
55760,5
55761,2
55762,6
55763,9
55764,4
55765,5
55766,5
55767,3
55768,5
55769,3
55770,7
55771,3
55772,4
55773,2
55774,2
55775,4
55776,2
55777,6
55778,2
55779,4
55780,3
55781,2
55782,7
55783,2
55784,3
55785,3
55786,5
55787,3
55788,5
55789,5
55790,1
55791,4
55792,7
55793,2
55794,3
55795,4
55796,5
55797,8
55798,3
55799,2
55800,4
55801,7
55802,5
55803,3
55804,8
55805,5
55806,3
55807,1
55808,4
55809,2
55810,6
55811,2
55812,1
55813,1
55814,1
55815,3
55816,3
55817,3
55818,2
55819,3
55820,3
55821,6
55822,3
55823,2
55824,3
55825,6
55826,7
55827,3
55828,5
55829,4
55830,5
55831,5
55832,2
55833,6
55834,2
55835,3
55836,3
55837,3
55838,8
55839,4
55840,5
55841,3
55842,8
55843,3
55844,2
55845,5
55846,4
55847,3
55848,4
55849,5
55850,3
55851,2
55852,4
55853,1
55854,5
55855,2
55856,7
55857,2
55858,3
55859,3
55860,1
55861,3
55862,4
55863,4
55864,2
55865,4
55866,3
55868,2
55869,5
55870,2
55871,5
55872,4
55873,5
55874,6
55875,6
55877,1
55878,2
55879,2
55880,5
55881,2
55882,5
55883,4
55884,4
55885,1
55886,8
55887,3
55888,5
55889,3
55890,2
55891,2
55892,6
55893,5
55895,4
55896,6
55897,2
55898,2
55899,2
55900,2
55901,4
55902,5
55903,8
55904,3
55905,4
55906,5
55907,4
55908,3
55909,7
55910,8
55911,1
55912,5
55913,4
55914,6
55915,4
55916,4
55917,5
55918,4
55919,1
55920,5
55921,7
55922,3
55923,7
55924,3
55925,1
55926,3
55927,3
55928,3
55929,5
55930,2
55931,10
55932,3
55933,1
55934,10
55935,5
55936,5
55937,7
55938,5
55939,5
55940,1
55941,4
55942,3
55943,3
55945,6
55946,5
55947,6
55948,3
55949,5
55950,1
55951,4
55952,6
55953,7
55954,2
55955,2
55956,1
55957,6
55958,6
55959,2
55960,6
55961,6
55962,4
55963,7
55964,6
55965,2
55966,3
55967,4
55968,6
55969,4
55970,5
55971,5
55972,2
55973,4
55974,7
55975,6
55976,2
55977,2
55978,2
55979,7
55980,4
55981,7
55982,8
55983,2
55984,7
55985,1
55986,3
55987,5
55988,5
55989,5
55990,2
55991,5
55992,2
55993,3
55994,3
55995,3
55996,5
55997,4
55998,2
55999,4
56000,4
56001,3
56002,2
56003,3
56004,10
56005,6
56006,2
56007,4
56008,2
56009,2
56010,3
56011,2
56012,5
56013,4
56014,5
56015,3
56016,5
56017,4
56018,3
56019,3
56020,5
56021,6
56022,7
56023,5
56024,3
56025,3
56026,6
56027,5
56028,4
56029,4
56030,4
56031,2
56032,7
56033,2
56034,3
56035,4
56036,3
56037,3
56038,5
56039,6
56040,2
56041,3
56042,5
56043,4
56044,4
56045,6
56046,4
56047,2
56048,5
56049,2
56050,3
56051,4
56052,4
56053,2
56054,2
56055,3
56056,2
56057,5
56058,4
56059,3
56060,4
56061,9
56062,5
56063,2
56064,9
56065,2
56066,3
56067,2
56068,3
56069,3
56070,3
56071,8
56072,3
56073,1
56074,8
56075,6
56076,2
56077,4
56078,9
56079,1
56080,5
56081,2
56082,4
56083,5
56084,7
56085,8
56086,5
56087,5
56088,2
56089,5
56090,3
56091,4
56092,6
56093,2
56094,3
56095,5
56096,5
56097,7
56098,7
56099,2
56100,4
56101,2
56102,9
56103,3
56104,1
56105,6
56106,3
56107,4
56108,4
56109,2
56110,3
56111,5
56112,5
56113,4
56114,3
56115,5
56116,2
56117,5
56118,5
56119,3
56120,5
56121,2
56123,5
56124,3
56125,3
56126,3
56127,6
56128,5
56129,3
56130,7
56131,4
56132,5
56133,6
56134,4
56135,5
56136,8
56137,4
56138,7
56139,1
56140,6
56141,5
56142,2
56143,5
56144,4
56145,5
56146,4
56147,5
56148,2
56149,5
56150,7
56151,3
56152,5
56153,5
56154,3
56155,3
56156,4
56157,1
56158,3
56159,1
56160,4
56161,1
56162,1
56163,2
56164,4
56165,5
56166,6
56168,3
56169,1
56170,5
56171,6
56172,3
56173,2
56174,3
56175,3
56176,6
56177,5
56178,3
56179,5
56180,4
56181,4
56182,4
56184,4
56185,3
56186,4
56187,3
56188,5
56190,4
56191,3
56192,5
56193,4
56194,1
56195,3
56196,4
56197,4
56198,5
56199,2
56200,4
56201,4
56202,3
56203,1
56204,5
56205,2
56206,3
56207,4
56208,7
56209,1
56210,7
56211,5
56212,3
56213,4
56214,5
56216,5
56217,5
56218,3
56219,3
56220,3
56221,4
56222,3
56223,5
56224,6
56225,3
56226,3
56227,7
56228,4
56229,5
56230,2
56231,3
56232,5
56233,2
56234,3
56235,9
56236,3
56237,4
56238,7
56239,2
56240,4
56241,6
56242,2
56243,2
56244,3
56245,2
56246,4
56247,5
56248,2
56249,3
56250,6
56251,6
56252,8
56253,5
56254,5
56255,5
56256,7
56257,3
56258,3
56259,2
56260,4
56261,4
56262,3
56263,7
56264,5
56265,1
56266,8
56267,7
56268,5
56269,2
56270,1
56271,8
56272,2
56273,3
56274,4
56276,6
56277,6
56278,8
56279,3
56280,4
56281,5
56282,2
56283,3
56284,3
56285,2
56286,4
56287,5
56288,6
56289,8
56290,3
56291,4
56292,6
56293,4
56294,3
56295,6
56296,5
56297,4
56298,4
56299,3
56300,5
56301,4
56302,6
56303,2
56304,2
56305,2
56306,4
56307,6
56308,2
56309,5
56310,4
56311,4
56312,7
56313,6
56314,3
56315,5
56316,1
56317,2
56318,5
56319,4
56320,2
56321,6
56322,5
56323,2
56324,7
56325,8
56326,6
56327,5
56328,3
56329,5
56330,5
56331,4
56332,3
56333,7
56334,3
56335,1
56336,7
56337,6
56338,8
56339,4
56340,6
56341,6
56342,6
56343,7
56344,3
56345,5
56346,5
56347,5
56348,3
56349,7
56350,2
56351,4
56352,5
56353,7
56354,3
56355,4
56356,4
56357,3
56358,7
56359,5
56360,4
56361,6
56362,1
56363,2
56364,3
56365,4
56366,7
56367,7
56368,6
56370,6
56371,1
56372,3
56373,4
56374,5
56375,4
56376,2
56377,2
56378,5
56379,5
56380,6
56381,3
56382,3
56383,4
56384,10
56385,5
56386,10
56387,5
56388,1
56389,4
56390,4
56391,8
56392,3
56393,3
56394,6
56395,6
56396,1
56397,3
56398,3
56399,6
56400,6
56401,5
56403,3
56404,3
56405,3
56406,3
56407,1
56408,5
56409,4
56410,7
56411,3
56412,7
56413,6
56414,7
56415,4
56416,4
56417,2
56418,4
56419,3
56420,5
56421,4
56422,2
56423,5
56424,5
56425,5
56426,6
56427,3
56428,1
56429,4
56430,4
56431,4
56432,5
56433,1
56434,3
56435,3
56436,3
56437,3
56438,5
56439,4
56440,1
56441,5
56442,4
56443,4
56444,4
56445,2
56446,2
56447,5
56448,8
56449,3
56450,8
56451,2
56452,2
56453,2
56454,6
56455,3
56456,5
56457,2
56458,10
56459,2
56460,4
56461,1
56462,7
56463,2
56464,9
56465,3
56466,3
56467,6
56468,7
56469,4
56470,4
56471,2
56472,2
56473,3
56474,6
56475,9
56476,1
56477,4
56478,1
56479,3
56480,7
56481,1
56482,8
56483,5
56484,6
56485,6
56486,8
56487,2
56488,10
56489,3
56491,3
56492,1
56493,2
56494,7
56495,9
56496,2
56497,1
56498,2
56499,1
56500,2
56501,4
56502,6
56503,6
56504,3
56505,5
56506,6
56507,2
56508,2
56509,3
56510,1
56511,6
56512,5
56513,2
56514,3
56515,2
56516,5
56517,10
56518,9
56519,3
56520,3
56521,3
56522,5
56523,7
56524,4
56525,10
56526,1
56527,1
56528,5
56529,8
56530,4
56531,3
56532,4
56533,3
56534,6
56535,5
56536,3
56537,9
56538,3
56539,10
56540,8
56541,5
56542,5
56543,3
56544,7
56545,4
56546,1
56547,3
56548,6
56549,3
56550,4
56551,4
56552,4
56553,6
56554,9
56555,7
56556,4
56557,5
56558,3
56559,3
56560,2
56561,6
56562,1
56563,6
56564,7
56565,7
56566,7
56567,2
56568,3
56569,2
56570,2
56571,10
56572,5
56573,4
56574,5
56575,4
56576,6
56577,1
56578,6
56579,1
56580,4
56581,6
56582,5
56583,3
56584,3
56585,4
56586,5
56587,4
56588,7
56589,1
56590,4
56591,1
56592,7
56593,3
56594,3
56595,3
56596,5
56597,3
56598,4
56599,5
56600,6
56601,3
56602,4
56603,2
56604,7
56605,3
56606,1
56607,3
56608,6
56609,4
56610,5
56611,2
56612,4
56613,4
56614,3
56616,5
56617,2
56618,5
56619,8
56620,8
56621,4
56622,4
56623,4
56624,3
56625,3
56626,2
56627,4
56628,3
56629,6
56630,8
56631,2
56632,4
56633,3
56634,3
56635,5
56636,2
56638,4
56639,2
56640,8
56641,2
56642,3
56643,2
56644,3
56645,2
56646,3
56647,4
56648,4
56649,3
56650,2
56651,6
56652,3
56653,5
56654,2
56655,4
56656,10
56657,6
56658,4
56659,2
56660,7
56661,2
56662,6
56663,1
56664,1
56665,5
56666,7
56667,3
56668,7
56669,7
56670,4
56671,3
56672,8
56673,1
56674,3
56675,3
56677,5
56678,6
56679,3
56680,3
56681,6
56682,4
56683,4
56684,1
56685,1
56686,4
56687,1
56688,7
56689,4
56690,2
56691,2
56692,2
56693,2
56694,3
56695,2
56696,4
56697,3
56698,4
56699,8
56700,5
56701,4
56702,2
56703,6
56704,7
56705,6
56706,3
56707,1
56708,3
56709,2
56710,2
56711,6
56712,4
56713,1
56714,2
56715,2
56716,5
56717,4
56718,3
56719,6
56720,4
56721,4
56722,2
56723,5
56724,7
56725,5
56726,5
56727,2
56728,8
56729,3
56730,7
56731,2
56732,3
56733,6
56734,2
56735,3
56736,4
56737,3
56738,8
56739,4
56740,5
56741,5
56742,6
56743,3
56744,7
56745,2
56746,4
56747,4
56748,4
56749,3
56750,9
56751,3
56752,5
56753,8
56754,6
56755,11
56756,2
56757,5
56758,2
56759,4
56760,3
56761,8
56762,8
56763,3
56764,1
56765,4
56766,2
56767,3
56768,5
56769,6
56770,5
56771,3
56772,4
56773,3
56774,3
56775,8
56776,3
56777,2
56778,3
56779,3
56780,6
56781,1
56782,2
56783,1
56784,3
56785,3
56786,3
56787,4
56788,4
56789,4
56790,3
56791,2
56792,3
56793,6
56794,1
56795,2
56796,3
56797,3
56798,2
56799,7
56800,3
56801,2
56802,2
56803,8
56804,4
56805,4
56806,2
56807,1
56808,4
56809,4
56810,2
56811,3
56812,3
56813,2
56814,8
56815,10
56816,4
56817,4
56818,8
56819,5
56820,3
56821,7
56822,2
56823,5
56824,6
56826,4
56827,2
56828,3
56829,2
56830,9
56832,5
56833,2
56834,2
56835,4
56836,5
56837,4
56838,6
56839,2
56840,1
56841,3
56842,5
56843,2
56844,5
56845,1
56846,3
56847,4
56848,6
56849,2
56850,7
56851,4
56852,4
56853,9
56855,1
56856,1
56857,2
56859,4
56860,4
56861,5
56862,2
56863,1
56864,3
56865,7
56866,1
56867,3
56868,2
56869,5
56870,2
56871,5
56872,5
56873,6
56874,1
56875,4
56876,6
56877,4
56879,5
56880,3
56881,3
56883,5
56884,4
56885,3
56886,4
56887,4
56888,3
56889,11
56890,3
56891,2
56892,3
56893,3
56894,4
56895,1
56896,4
56897,1
56898,2
56899,5
56900,3
56901,7
56902,6
56903,3
56904,1
56905,1
56907,6
56908,3
56909,2
56910,4
56911,4
56912,5
56913,2
56914,3
56915,2
56916,2
56917,1
56918,6
56919,1
56921,3
56922,4
56923,2
56924,2
56925,6
56926,3
56927,2
56928,1
56929,7
56930,4
56931,4
56932,4
56933,3
56935,2
56936,2
56937,3
56938,3
56939,7
56940,2
56941,1
56942,5
56943,7
56944,4
56945,4
56946,5
56947,3
56948,3
56949,1
56950,4
56951,2
56952,4
56953,2
56954,4
56955,4
56956,4
56957,5
56958,6
56959,1
56960,3
56961,4
56962,1
56963,3
56964,3
56965,2
56966,3
56967,4
56968,2
56969,1
56970,3
56971,7
56972,3
56973,3
56974,7
56975,1
56976,1
56977,2
56978,2
56979,4
56980,5
56981,5
56982,6
56983,3
56984,3
56985,2
56986,1
56987,2
56988,2
56989,2
56990,4
56991,1
56992,6
56993,1
56994,3
56995,5
56996,2
56997,1
56998,6
56999,3
57000,7
57001,1
57002,4
57003,5
57004,2
57005,4
57006,1
57007,2
57008,2
57009,4
57010,3
57011,2
57012,3
57014,4
57015,3
57016,3
57017,2
57018,5
57019,6
57020,3
57021,3
57022,2
57023,2
57024,4
57025,1
57026,4
57027,2
57028,2
57029,3
57030,3
57031,4
57032,3
57033,3
57034,1
57035,1
57036,2
57037,3
57038,4
57039,4
57040,5
57041,2
57042,3
57043,4
57044,1
57045,3
57046,6
57047,3
57048,1
57049,8
57050,4
57051,5
57052,3
57053,2
57054,8
57055,4
57056,4
57057,2
57058,2
57059,2
57060,3
57061,7
57062,4
57063,1
57064,7
57065,5
57066,4
57067,5
57068,2
57069,1
57070,3
57071,4
57072,6
57073,6
57074,4
57075,4
57076,3
57077,5
57078,1
57080,2
57081,1
57082,3
57083,3
57084,6
57085,4
57086,6
57087,3
57088,7
57089,2
57090,1
57091,2
57092,4
57093,3
57094,3
57095,1
57096,1
57097,1
57099,8
57100,4
57101,3
57102,7
57103,4
57104,2
57105,1
57106,4
57107,2
57108,2
57109,4
57110,2
57111,3
57112,4
57113,3
57114,3
57115,5
57116,4
57117,2
57118,2
57119,2
57120,4
57121,3
57123,3
57124,3
57125,7
57126,2
57127,4
57128,4
57129,5
57130,6
57131,4
57132,6
57133,4
57134,6
57135,1
57136,4
57137,1
57139,5
57140,5
57141,2
57142,3
57143,5
57144,4
57145,3
57146,2
57147,1
57148,4
57150,1
57151,1
57152,3
57153,6
57154,2
57155,6
57156,1
57157,9
57158,7
57159,3
57160,3
57161,9
57162,5
57163,5
57164,1
57165,1
57166,2
57167,8
57168,1
57169,4
57170,3
57171,1
57172,2
57173,5
57176,3
57177,1
57178,4
57179,2
57182,1
57183,3
57184,2
57185,2
57186,4
57187,2
57188,2
57189,2
57190,3
57191,1
57192,3
57193,5
57194,4
57195,6
57196,2
57197,1
57198,3
57199,1
57200,5
57201,3
57202,6
57203,4
57204,2
57205,7
57206,4
57207,1
57208,4
57209,3
57210,3
57211,4
57212,2
57213,6
57214,1
57215,3
57216,3
57217,3
57218,3
57219,4
57220,2
57221,3
57222,2
57223,2
57224,2
57225,4
57226,4
57227,3
57228,2
57229,1
57230,3
57231,3
57232,4
57233,3
57234,1
57235,3
57236,2
57237,5
57238,3
57239,3
57240,4
57241,2
57242,1
57243,5
57245,2
57246,1
57247,3
57248,4
57249,2
57250,3
57251,2
57252,2
57253,3
57254,5
57255,3
57256,4
57257,4
57258,2
57259,3
57260,3
57261,3
57262,4
57263,1
57264,3
57265,3
57266,1
57267,4
57268,3
57269,5
57271,3
57272,3
57273,1
57274,2
57275,1
57276,2
57277,3
57279,3
57280,2
57281,4
57282,6
57283,2
57284,2
57285,4
57286,2
57288,2
57290,4
57291,3
57292,8
57293,5
57294,1
57295,1
57296,5
57297,6
57298,2
57299,2
57300,3
57301,4
57302,1
57303,2
57304,4
57305,1
57306,3
57307,1
57308,4
57309,2
57310,5
57311,2
57312,2
57313,4
57314,3
57315,3
57316,1
57317,5
57318,4
57319,3
57320,2
57321,4
57322,1
57323,5
57324,2
57325,5
57326,2
57327,5
57328,2
57329,7
57330,4
57331,2
57333,7
57334,3
57335,5
57336,2
57337,4
57338,1
57340,1
57341,3
57342,3
57343,2
57344,3
57345,2
57346,4
57347,2
57348,1
57349,1
57350,5
57351,5
57353,2
57354,1
57355,1
57356,4
57357,1
57358,3
57359,1
57360,5
57361,1
57362,1
57363,4
57364,1
57365,3
57366,3
57367,2
57368,3
57369,1
57370,4
57371,2
57372,1
57373,2
57374,2
57375,1
57376,4
57377,4
57378,1
57379,5
57380,6
57381,6
57382,3
57383,1
57384,4
57385,3
57386,2
57387,3
57388,3
57389,3
57391,2
57392,2
57393,2
57394,1
57395,1
57396,5
57397,3
57398,4
57399,4
57401,4
57402,6
57403,5
57404,3
57405,3
57407,2
57408,4
57409,1
57410,2
57411,4
57412,3
57413,1
57414,5
57415,2
57416,3
57417,5
57418,4
57420,4
57422,2
57423,2
57424,1
57425,3
57426,3
57427,3
57428,4
57429,1
57430,4
57431,4
57432,1
57433,4
57434,5
57435,3
57436,2
57438,5
57439,2
57440,2
57441,1
57442,2
57443,4
57444,1
57445,2
57446,3
57447,2
57448,3
57449,2
57450,4
57451,3
57452,2
57453,4
57454,6
57455,3
57456,4
57457,3
57458,3
57459,3
57460,4
57461,2
57462,3
57463,1
57464,1
57465,3
57466,6
57467,6
57468,3
57469,5
57470,1
57471,5
57472,2
57473,5
57474,4
57476,1
57477,4
57478,5
57479,2
57482,4
57483,1
57484,3
57485,2
57486,4
57488,3
57489,1
57490,2
57492,1
57494,2
57495,4
57496,5
57497,1
57498,2
57499,5
57500,3
57503,4
57504,1
57505,6
57506,1
57507,3
57508,2
57509,2
57510,3
57511,1
57512,3
57513,1
57514,2
57515,1
57516,2
57517,2
57518,1
57519,4
57520,4
57521,3
57522,2
57523,3
57524,3
57525,3
57526,3
57527,5
57528,5
57529,3
57530,4
57531,1
57533,5
57534,1
57535,2
57536,3
57537,2
57538,1
57539,2
57540,2
57541,3
57543,4
57546,1
57547,5
57548,1
57549,2
57551,5
57552,7
57553,1
57554,4
57555,1
57556,1
57557,2
57558,2
57559,2
57560,3
57561,1
57562,2
57563,4
57564,2
57565,3
57566,2
57567,3
57568,1
57569,4
57570,1
57571,1
57572,4
57573,3
57574,3
57575,1
57576,1
57577,1
57578,1
57579,2
57580,2
57581,1
57582,4
57583,3
57584,2
57585,1
57586,2
57587,2
57588,1
57589,6
57590,2
57591,3
57592,2
57593,2
57594,4
57596,2
57597,3
57598,2
57599,2
57600,1
57601,2
57602,2
57603,2
57604,1
57605,7
57606,5
57607,1
57608,4
57609,3
57610,3
57612,1
57615,4
57616,3
57617,1
57618,1
57619,3
57620,1
57621,2
57622,3
57623,1
57624,2
57625,3
57626,2
57627,4
57628,3
57629,3
57630,3
57631,2
57632,5
57633,4
57634,4
57635,1
57636,2
57637,2
57638,1
57640,1
57641,1
57642,3
57643,2
57644,3
57645,1
57646,2
57647,1
57648,6
57649,4
57650,3
57651,1
57653,1
57654,4
57656,1
57657,1
57658,3
57659,1
57662,1
57663,2
57664,4
57665,3
57666,3
57667,3
57668,1
57669,5
57670,2
57671,2
57673,1
57674,4
57675,2
57678,5
57679,1
57680,4
57682,1
57683,2
57684,1
57685,3
57687,2
57688,4
57689,3
57690,1
57691,3
57692,1
57693,1
57694,6
57695,7
57696,2
57697,2
57698,6
57699,2
57700,2
57701,1
57702,2
57703,2
57704,3
57705,2
57706,2
57707,6
57708,1
57709,2
57710,2
57711,2
57712,4
57713,2
57714,5
57715,3
57716,2
57717,2
57718,2
57719,3
57720,3
57721,1
57722,2
57723,3
57724,2
57725,2
57726,3
57727,1
57728,1
57729,3
57730,2
57731,2
57732,1
57733,5
57734,4
57735,2
57736,1
57738,4
57739,2
57741,2
57742,2
57744,2
57748,4
57749,2
57750,7
57752,1
57754,2
57755,3
57756,2
57757,3
57758,3
57761,1
57762,1
57764,1
57765,3
57766,2
57768,1
57769,5
57770,2
57771,4
57772,3
57773,3
57774,1
57775,3
57776,2
57778,4
57779,1
57780,5
57781,4
57782,2
57783,1
57784,2
57785,2
57786,1
57787,1
57790,3
57791,1
57792,3
57793,2
57794,1
57795,2
57796,1
57797,1
57798,3
57799,2
57800,2
57802,1
57803,1
57804,2
57805,1
57806,2
57807,2
57808,4
57809,2
57810,2
57811,2
57812,3
57813,1
57814,3
57815,4
57817,1
57818,1
57819,3
57820,2
57821,1
57822,1
57823,2
57824,2
57826,2
57827,2
57828,2
57829,5
57830,1
57831,1
57832,4
57833,3
57834,2
57835,2
57836,3
57837,4
57839,1
57841,4
57842,2
57843,1
57844,1
57845,2
57846,2
57847,5
57848,3
57849,1
57850,2
57853,1
57854,1
57855,1
57856,1
57857,3
57858,2
57859,2
57860,4
57861,2
57862,1
57863,2
57865,2
57866,2
57867,1
57868,4
57869,2
57870,1
57871,6
57872,3
57873,3
57874,1
57875,2
57877,1
57878,3
57879,2
57880,4
57882,1
57883,1
57884,2
57885,1
57887,2
57889,2
57890,1
57891,1
57892,1
57893,3
57894,1
57895,1
57896,1
57897,1
57899,1
57900,2
57901,1
57902,3
57903,4
57904,3
57905,6
57906,2
57907,1
57908,2
57909,3
57910,3
57911,2
57914,4
57916,2
57917,2
57918,4
57920,2
57921,1
57922,1
57923,1
57924,2
57925,2
57928,2
57929,1
57930,3
57931,3
57932,5
57934,2
57935,1
57936,6
57937,2
57938,2
57939,2
57940,3
57942,3
57943,2
57944,2
57945,1
57946,1
57947,2
57948,2
57949,2
57951,3
57952,3
57953,5
57954,1
57955,1
57956,2
57957,1
57958,3
57959,2
57960,4
57963,4
57964,2
57966,3
57967,1
57968,2
57970,1
57971,2
57973,6
57975,1
57976,1
57977,3
57978,5
57979,2
57980,1
57981,2
57982,3
57983,3
57984,1
57986,1
57988,1
57989,3
57990,2
57991,1
57992,2
57993,1
57994,1
57995,2
57996,1
57997,1
57999,2
58000,1
58001,1
58002,3
58003,2
58004,1
58006,2
58007,1
58008,3
58009,4
58010,1
58012,3
58013,2
58014,1
58016,4
58017,2
58019,1
58022,2
58023,2
58024,3
58026,1
58027,1
58028,1
58030,1
58032,5
58033,1
58035,1
58036,1
58037,1
58038,1
58041,4
58042,2
58043,3
58044,1
58045,2
58046,1
58047,1
58048,4
58049,1
58050,1
58052,1
58053,1
58054,1
58055,1
58056,2
58057,2
58058,2
58059,2
58060,2
58061,2
58062,2
58064,2
58065,1
58066,2
58068,2
58069,2
58070,1
58071,6
58072,2
58074,1
58075,2
58076,2
58078,1
58079,2
58080,3
58081,1
58082,2
58083,2
58084,2
58085,1
58086,3
58087,1
58089,2
58092,5
58093,1
58094,1
58095,3
58096,4
58097,2
58098,1
58099,2
58100,3
58101,3
58102,1
58103,1
58104,2
58105,2
58106,2
58107,1
58108,3
58109,3
58110,4
58112,1
58113,1
58115,2
58117,1
58119,1
58120,1
58121,3
58122,1
58123,3
58124,1
58125,1
58126,1
58127,1
58128,2
58129,3
58130,2
58131,1
58133,4
58134,1
58135,3
58136,1
58139,1
58140,1
58141,2
58142,4
58143,1
58144,2
58147,3
58148,3
58149,1
58150,1
58151,3
58152,1
58153,1
58154,2
58155,1
58156,2
58158,2
58159,3
58160,3
58161,1
58162,1
58163,5
58164,3
58165,3
58166,1
58168,2
58169,2
58170,1
58171,1
58172,3
58173,2
58174,2
58176,2
58177,1
58178,3
58179,2
58180,2
58181,1
58182,1
58183,1
58184,1
58188,4
58189,1
58190,4
58191,1
58192,2
58193,3
58194,4
58195,2
58197,2
58199,1
58200,1
58201,2
58202,1
58204,1
58205,3
58206,2
58207,1
58208,1
58210,2
58211,3
58212,1
58213,2
58214,1
58216,4
58217,1
58218,3
58219,2
58220,1
58221,1
58222,2
58223,1
58224,1
58225,1
58227,4
58228,3
58229,3
58231,3
58232,4
58234,1
58235,1
58236,2
58237,3
58238,2
58239,4
58240,1
58241,1
58242,4
58243,1
58244,2
58246,1
58247,2
58248,1
58249,4
58251,5
58253,1
58254,2
58255,3
58256,3
58257,1
58259,3
58260,1
58261,4
58262,2
58263,3
58264,1
58265,1
58266,2
58267,2
58269,2
58271,1
58272,1
58274,1
58275,2
58276,2
58277,3
58279,1
58280,3
58281,1
58282,4
58283,4
58284,1
58285,1
58286,2
58288,1
58289,1
58292,3
58293,2
58294,2
58295,2
58296,2
58298,2
58299,1
58300,1
58302,2
58303,1
58304,1
58307,1
58309,2
58310,4
58313,4
58314,3
58317,3
58318,2
58319,2
58320,2
58321,2
58322,2
58323,1
58324,1
58327,3
58328,4
58329,1
58330,1
58332,2
58334,1
58335,2
58338,1
58340,1
58341,2
58342,1
58343,1
58344,3
58345,2
58347,1
58348,3
58349,3
58351,1
58352,4
58353,1
58356,4
58357,1
58359,1
58360,2
58361,4
58364,3
58365,1
58366,1
58367,1
58368,2
58370,3
58371,1
58374,3
58375,1
58376,5
58377,2
58379,1
58380,3
58381,1
58382,1
58383,3
58384,1
58385,2
58386,2
58387,2
58388,1
58389,2
58390,1
58391,2
58392,3
58393,1
58395,4
58397,1
58400,3
58402,1
58404,1
58405,2
58407,3
58408,2
58409,1
58411,2
58412,1
58414,4
58415,1
58416,4
58417,1
58418,1
58419,1
58421,4
58422,1
58423,1
58424,1
58425,1
58426,2
58427,2
58428,1
58429,1
58430,2
58432,2
58433,1
58434,3
58435,2
58436,1
58437,3
58438,2
58439,1
58441,3
58443,1
58445,1
58446,3
58447,2
58448,2
58449,1
58450,1
58452,1
58454,1
58455,1
58456,1
58457,1
58458,3
58459,1
58460,2
58461,1
58462,2
58463,2
58464,2
58465,1
58467,3
58468,1
58469,1
58470,1
58471,2
58472,1
58474,2
58475,2
58476,3
58477,1
58478,3
58479,2
58480,1
58481,1
58482,1
58483,2
58486,2
58489,2
58490,1
58491,2
58494,1
58496,5
58497,1
58498,1
58499,4
58500,1
58502,1
58503,2
58505,1
58506,1
58508,2
58510,4
58511,4
58512,1
58513,1
58514,4
58515,2
58516,3
58517,1
58518,1
58519,2
58520,1
58522,1
58524,1
58525,3
58526,3
58527,1
58528,2
58529,1
58530,3
58531,2
58533,2
58534,3
58535,1
58537,1
58539,1
58541,1
58544,2
58545,2
58547,1
58549,1
58551,3
58552,2
58553,1
58554,1
58556,1
58560,2
58562,2
58563,1
58565,3
58566,2
58567,2
58568,1
58569,1
58570,2
58573,2
58578,2
58579,1
58580,1
58581,3
58587,2
58588,2
58589,1
58591,3
58592,1
58593,1
58594,1
58596,1
58598,1
58603,2
58604,2
58607,1
58608,3
58610,2
58611,2
58613,3
58614,1
58615,1
58616,1
58617,1
58618,1
58619,2
58620,3
58621,6
58624,1
58627,1
58630,3
58632,1
58633,2
58634,1
58635,2
58636,2
58637,1
58638,1
58640,3
58641,1
58642,1
58644,2
58646,1
58649,1
58650,4
58652,2
58654,1
58655,2
58656,1
58658,1
58659,3
58661,1
58662,1
58663,4
58664,4
58667,2
58669,2
58670,1
58671,1
58672,1
58675,2
58677,1
58678,1
58679,1
58682,1
58683,2
58686,2
58687,1
58688,2
58689,2
58690,2
58691,2
58692,2
58693,1
58694,2
58695,1
58696,1
58699,3
58700,2
58701,2
58702,1
58703,1
58706,1
58707,2
58708,1
58709,1
58710,1
58713,1
58717,3
58718,1
58719,1
58720,2
58721,1
58723,3
58725,4
58727,1
58728,2
58729,1
58730,1
58732,1
58733,4
58734,1
58735,1
58737,1
58738,2
58741,1
58742,2
58743,1
58744,2
58746,2
58747,2
58748,1
58751,2
58752,3
58753,2
58754,4
58756,2
58757,3
58759,3
58762,1
58763,1
58766,1
58767,1
58769,1
58770,1
58771,1
58773,4
58775,1
58776,1
58778,2
58781,1
58785,1
58788,1
58790,1
58791,1
58793,1
58794,1
58795,1
58796,1
58799,2
58800,1
58801,1
58805,1
58806,1
58807,1
58809,1
58810,1
58811,1
58812,1
58814,1
58815,1
58817,1
58819,1
58821,1
58822,1
58824,1
58827,2
58828,2
58829,1
58830,1
58831,2
58832,1
58833,2
58834,3
58836,1
58837,1
58838,3
58841,2
58843,1
58844,2
58845,1
58846,2
58847,1
58848,2
58849,1
58850,2
58852,1
58854,3
58856,3
58857,2
58859,1
58863,3
58864,2
58866,1
58867,2
58868,1
58869,2
58870,3
58873,1
58874,4
58875,2
58877,1
58879,1
58880,1
58881,1
58885,1
58887,2
58888,1
58891,2
58892,2
58893,1
58894,3
58895,1
58896,1
58898,1
58901,1
58902,2
58903,1
58904,1
58906,2
58907,1
58909,1
58910,2
58911,2
58913,1
58914,1
58916,1
58917,1
58918,1
58919,1
58921,1
58922,1
58923,1
58924,2
58925,1
58929,3
58931,1
58932,1
58934,1
58936,1
58938,2
58939,1
58941,1
58943,1
58944,3
58945,2
58947,4
58948,2
58951,1
58952,1
58959,1
58960,4
58961,1
58963,1
58964,2
58965,1
58966,2
58967,2
58969,1
58971,1
58972,2
58973,2
58974,1
58976,1
58978,2
58980,1
58981,1
58983,1
58985,1
58986,1
58987,2
58988,1
58989,1
58990,1
58991,3
58993,2
58994,4
58995,2
58996,1
58997,1
59001,1
59002,3
59004,2
59005,1
59006,1
59007,1
59008,1
59009,1
59010,3
59011,2
59012,1
59013,1
59015,1
59017,1
59018,1
59020,2
59021,1
59023,2
59024,1
59030,1
59033,1
59034,1
59035,1
59038,2
59039,1
59042,1
59043,2
59051,1
59052,2
59053,3
59056,2
59057,3
59058,1
59059,1
59060,2
59061,1
59062,3
59063,2
59064,1
59065,3
59066,3
59070,1
59073,1
59075,1
59078,3
59079,2
59081,1
59082,2
59083,3
59085,1
59086,1
59088,3
59089,1
59090,1
59092,1
59093,1
59094,1
59096,1
59097,1
59098,1
59099,3
59100,3
59103,1
59104,1
59105,3
59106,1
59107,2
59108,1
59109,1
59110,1
59115,3
59116,1
59117,4
59122,1
59125,3
59126,1
59127,2
59128,1
59129,1
59131,1
59132,2
59134,3
59135,1
59136,1
59137,1
59138,3
59140,1
59141,1
59145,2
59146,3
59147,1
59148,2
59149,2
59151,2
59153,2
59155,3
59156,4
59159,2
59160,1
59161,1
59162,1
59163,2
59165,1
59166,1
59167,2
59172,2
59177,2
59179,1
59181,1
59182,1
59184,2
59186,2
59187,2
59188,2
59189,1
59190,2
59192,1
59194,1
59197,3
59199,2
59200,1
59202,1
59206,1
59207,1
59209,1
59212,2
59213,2
59214,1
59215,2
59216,1
59217,2
59218,2
59219,1
59220,1
59221,1
59222,1
59223,1
59225,1
59226,1
59227,1
59228,2
59230,1
59232,1
59233,2
59234,2
59235,1
59236,1
59237,2
59238,1
59240,1
59242,2
59243,1
59244,1
59245,3
59246,1
59248,3
59249,1
59250,1
59252,1
59253,2
59254,2
59255,1
59257,1
59258,3
59261,1
59263,2
59265,1
59268,1
59269,1
59271,1
59272,2
59274,1
59276,2
59279,1
59280,2
59284,3
59285,2
59286,2
59287,1
59292,1
59294,1
59297,2
59298,2
59299,1
59300,1
59301,2
59303,1
59304,1
59305,2
59308,1
59313,1
59314,1
59315,1
59317,1
59318,1
59319,2
59322,1
59324,1
59326,1
59327,1
59330,1
59331,1
59332,2
59333,1
59336,1
59337,2
59338,1
59340,2
59343,1
59344,1
59346,1
59348,3
59350,1
59351,1
59352,1
59353,1
59354,1
59355,1
59356,1
59361,2
59362,1
59365,2
59368,2
59370,2
59376,1
59379,2
59381,1
59382,1
59384,2
59385,1
59386,1
59391,2
59392,2
59394,1
59395,1
59396,2
59397,1
59400,2
59401,3
59402,2
59403,1
59404,1
59406,1
59407,1
59412,1
59414,3
59415,1
59417,1
59418,1
59419,1
59424,1
59425,3
59426,1
59427,2
59429,2
59431,1
59432,1
59433,2
59439,1
59443,2
59447,1
59449,1
59451,1
59453,1
59454,2
59456,1
59457,5
59458,2
59461,2
59462,1
59464,2
59466,1
59470,1
59472,1
59474,4
59475,1
59478,2
59481,1
59483,1
59484,1
59486,4
59488,1
59492,1
59493,1
59495,1
59496,1
59499,1
59500,1
59502,2
59505,1
59506,1
59510,3
59512,1
59514,3
59515,1
59516,1
59520,1
59524,1
59526,2
59527,2
59530,1
59531,1
59533,1
59535,1
59536,1
59540,1
59541,1
59542,1
59543,2
59547,2
59548,1
59549,2
59550,1
59556,1
59558,1
59559,1
59562,3
59563,2
59568,4
59570,2
59571,1
59572,1
59573,1
59574,1
59575,2
59576,1
59577,1
59579,1
59580,1
59583,1
59585,3
59588,1
59592,1
59593,1
59595,1
59596,2
59604,1
59607,3
59608,1
59609,1
59611,2
59616,2
59617,1
59618,1
59620,1
59623,2
59625,1
59629,2
59634,1
59637,1
59638,1
59642,1
59643,2
59644,1
59645,1
59648,1
59649,2
59651,1
59652,1
59654,1
59656,2
59662,1
59663,1
59665,2
59670,1
59671,1
59673,1
59676,1
59678,1
59679,1
59680,1
59683,1
59688,2
59691,1
59694,1
59695,1
59696,1
59698,2
59699,2
59700,3
59702,2
59704,2
59705,1
59706,1
59708,1
59710,3
59713,1
59715,1
59717,1
59718,1
59719,2
59723,1
59726,1
59727,1
59731,1
59736,1
59741,1
59742,1
59744,1
59745,2
59746,2
59748,1
59749,3
59751,2
59752,1
59754,1
59755,2
59757,2
59760,1
59761,1
59762,1
59764,1
59765,1
59768,1
59770,1
59771,1
59772,1
59773,3
59776,1
59777,2
59780,1
59783,2
59788,2
59789,1
59791,1
59792,1
59793,1
59797,1
59799,1
59801,1
59805,2
59806,1
59808,3
59809,2
59810,1
59811,1
59814,1
59815,1
59816,1
59817,1
59824,3
59825,1
59828,1
59831,1
59832,2
59833,2
59838,3
59839,1
59842,2
59844,1
59845,1
59847,1
59848,1
59849,3
59851,1
59855,1
59856,1
59858,1
59859,1
59860,1
59861,1
59863,2
59864,1
59865,1
59867,1
59872,1
59874,1
59880,1
59881,1
59884,1
59889,1
59890,1
59891,1
59892,1
59896,1
59898,1
59899,1
59901,1
59907,1
59910,1
59914,2
59916,1
59918,1
59921,2
59922,1
59924,1
59925,2
59928,1
59931,3
59933,1
59934,2
59936,2
59937,1
59938,1
59940,1
59946,2
59948,1
59949,1
59950,1
59952,1
59954,2
59956,1
59958,1
59959,1
59963,1
59966,1
59969,3
59972,1
59973,1
59977,4
59979,1
59983,2
59984,1
59986,1
59987,1
59989,1
59990,2
59992,2
59993,1
59998,1
59999,2
60000,2
60001,2
60002,1
60004,1
60006,2
60010,1
60013,1
60014,1
60015,1
60016,2
60017,1
60020,1
60021,2
60022,1
60023,1
60024,1
60026,2
60027,2
60029,1
60030,2
60031,1
60033,1
60038,2
60039,1
60048,1
60050,2
60051,2
60058,1
60061,1
60062,1
60064,1
60066,1
60067,2
60069,1
60077,1
60079,1
60080,3
60082,1
60085,1
60086,1
60091,3
60092,1
60093,1
60095,1
60097,4
60099,1
60101,1
60105,1
60106,1
60107,2
60108,1
60111,1
60113,2
60114,1
60115,2
60118,1
60123,1
60125,1
60126,1
60127,1
60130,1
60139,1
60140,2
60141,1
60143,1
60144,1
60145,2
60150,2
60152,1
60155,1
60157,1
60161,1
60163,3
60165,2
60166,2
60167,1
60169,1
60174,1
60176,3
60178,1
60179,1
60180,1
60182,1
60186,1
60188,2
60189,1
60196,1
60197,1
60203,1
60206,1
60208,2
60216,2
60218,1
60224,1
60225,1
60229,2
60232,2
60235,1
60238,2
60240,2
60242,1
60243,1
60245,1
60249,1
60252,1
60259,3
60260,1
60265,1
60269,1
60272,1
60273,2
60274,1
60276,1
60279,1
60280,1
60282,2
60290,2
60294,2
60296,1
60298,2
60299,1
60300,1
60301,1
60303,1
60304,2
60306,1
60308,2
60312,1
60313,1
60314,1
60317,2
60319,3
60326,1
60330,2
60334,1
60336,1
60342,1
60343,1
60345,1
60348,1
60349,1
60352,1
60353,1
60354,1
60355,1
60357,2
60359,1
60361,1
60368,1
60370,1
60373,1
60382,1
60389,1
60391,1
60393,1
60394,1
60395,1
60399,1
60400,2
60404,2
60406,1
60407,1
60410,1
60411,1
60412,1
60414,1
60416,1
60421,1
60424,1
60427,1
60432,3
60436,1
60439,2
60442,1
60443,1
60448,2
60450,1
60451,1
60452,1
60455,2
60456,1
60460,1
60461,1
60462,1
60465,1
60466,1
60468,1
60469,1
60479,1
60480,1
60484,2
60488,1
60490,2
60492,1
60493,1
60497,1
60499,1
60502,2
60504,1
60505,1
60506,1
60508,1
60509,1
60511,1
60512,1
60516,1
60517,1
60518,1
60519,2
60520,1
60522,1
60524,2
60525,2
60528,1
60529,1
60533,1
60539,1
60540,1
60541,1
60543,1
60544,2
60551,1
60554,1
60555,1
60557,1
60560,1
60561,1
60567,1
60568,2
60570,1
60576,1
60577,1
60578,1
60581,1
60583,1
60589,1
60590,2
60592,2
60593,1
60595,1
60596,1
60599,1
60601,1
60605,1
60606,1
60607,1
60610,1
60611,2
60613,1
60614,1
60615,1
60617,1
60621,1
60625,1
60627,1
60629,1
60630,2
60632,1
60634,1
60636,1
60638,1
60639,2
60640,1
60643,1
60647,1
60649,1
60652,2
60655,1
60656,1
60662,1
60663,1
60666,1
60668,1
60671,1
60672,2
60673,1
60675,2
60676,1
60678,1
60685,1
60688,1
60689,1
60691,1
60694,1
60696,2
60698,1
60699,1
60702,4
60703,1
60709,2
60711,1
60713,1
60714,2
60716,1
60718,1
60719,1
60720,1
60722,1
60728,1
60729,1
60731,1
60734,1
60735,1
60736,1
60738,1
60739,1
60740,1
60741,1
60743,1
60747,1
60752,1
60753,2
60754,1
60756,1
60758,1
60759,1
60763,1
60767,1
60769,1
60770,1
60771,1
60773,2
60775,1
60776,1
60781,1
60790,1
60791,1
60795,1
60800,1
60803,1
60804,1
60806,1
60809,1
60811,2
60814,2
60818,1
60819,1
60820,1
60821,1
60822,1
60823,1
60824,1
60832,1
60833,2
60835,3
60841,3
60843,2
60844,1
60847,1
60851,1
60852,1
60856,2
60858,3
60859,1
60860,1
60863,2
60864,1
60867,1
60868,1
60869,2
60871,1
60873,2
60874,1
60875,1
60877,1
60878,1
60883,1
60885,1
60887,1
60891,1
60892,1
60893,1
60897,2
60898,1
60901,1
60904,1
60905,1
60907,1
60908,2
60911,2
60915,1
60917,1
60918,1
60924,1
60930,2
60933,1
60934,1
60937,1
60939,1
60940,1
60945,1
60947,1
60951,1
60953,1
60958,3
60960,1
60961,2
60962,2
60965,1
60966,2
60971,1
60972,1
60974,1
60977,1
60981,3
60984,1
60985,1
60986,3
60987,1
60988,1
60989,1
60990,1
60991,1
60993,1
60996,1
60998,1
60999,1
61000,1
61002,1
61004,1
61009,1
61013,1
61014,1
61017,1
61025,1
61027,1
61028,1
61029,1
61031,1
61032,1
61035,1
61039,1
61040,1
61042,1
61043,2
61045,1
61046,4
61048,1
61054,1
61055,1
61063,1
61064,1
61065,1
61066,1
61072,1
61073,2
61074,3
61079,1
61080,2
61088,1
61091,2
61095,1
61104,1
61106,2
61107,1
61109,1
61113,2
61130,2
61131,1
61132,2
61133,2
61135,1
61137,1
61141,1
61150,1
61151,1
61152,1
61158,1
61165,2
61172,1
61173,1
61174,1
61175,1
61176,1
61179,2
61183,1
61184,1
61186,2
61190,1
61191,1
61194,1
61197,1
61198,1
61199,1
61200,1
61212,2
61215,1
61218,1
61219,1
61224,1
61228,1
61233,1
61242,1
61243,1
61252,1
61254,3
61255,1
61263,1
61265,1
61266,2
61268,1
61271,1
61273,1
61275,1
61280,1
61281,1
61291,2
61293,1
61294,1
61295,1
61301,1
61310,1
61311,1
61312,1
61314,1
61319,2
61321,1
61323,1
61331,2
61333,1
61336,1
61337,2
61340,1
61344,1
61348,1
61349,1
61351,1
61352,1
61355,1
61356,1
61357,1
61359,1
61362,2
61365,2
61369,2
61377,1
61379,1
61380,2
61383,1
61386,1
61387,1
61391,1
61392,1
61395,2
61396,1
61397,2
61398,1
61406,1
61418,2
61420,2
61421,1
61423,1
61424,1
61426,1
61429,2
61431,1
61432,1
61440,1
61441,1
61442,1
61443,1
61445,1
61450,1
61451,1
61452,2
61453,1
61455,1
61458,2
61460,1
61461,1
61462,1
61467,1
61470,1
61471,1
61476,1
61477,1
61478,1
61483,2
61484,2
61486,1
61491,1
61498,2
61501,1
61502,1
61507,2
61508,1
61509,1
61512,1
61513,1
61514,1
61516,1
61522,1
61523,1
61525,1
61532,1
61534,1
61535,1
61541,1
61542,2
61543,1
61546,1
61547,1
61553,1
61554,1
61556,1
61562,1
61565,1
61566,1
61567,1
61569,1
61572,2
61578,1
61579,1
61587,1
61588,1
61593,1
61595,1
61599,1
61601,1
61609,1
61611,2
61613,1
61614,1
61621,1
61622,1
61627,1
61628,1
61631,1
61633,1
61636,1
61637,1
61650,1
61651,1
61655,1
61661,1
61665,1
61666,1
61672,1
61673,1
61674,1
61676,1
61678,1
61680,1
61682,1
61685,1
61690,1
61691,1
61692,2
61697,1
61703,1
61705,1
61707,3
61719,1
61720,2
61721,2
61722,1
61726,1
61727,3
61728,1
61736,1
61744,1
61745,2
61749,1
61752,2
61753,1
61755,2
61758,1
61760,2
61762,1
61763,1
61764,1
61769,1
61777,1
61779,1
61780,1
61784,1
61798,2
61799,1
61810,1
61811,1
61813,1
61817,2
61818,1
61819,1
61823,1
61824,1
61829,1
61833,1
61834,2
61839,1
61840,1
61841,2
61844,1
61850,1
61858,1
61860,1
61865,1
61869,1
61873,1
61874,1
61884,1
61885,1
61893,1
61894,1
61897,2
61898,1
61901,1
61902,1
61904,1
61907,2
61914,1
61915,1
61918,1
61920,1
61922,1
61925,1
61927,1
61929,1
61937,1
61949,1
61952,2
61954,1
61955,2
61957,1
61959,1
61963,1
61965,1
61967,1
61969,2
61974,1
61978,1
61979,1
61982,1
61985,1
61987,1
61991,1
61994,1
62000,1
62003,2
62006,2
62007,1
62008,1
62010,1
62012,1
62014,2
62018,1
62019,1
62021,2
62023,1
62030,1
62033,1
62035,1
62040,2
62042,1
62049,1
62053,1
62062,1
62065,1
62072,1
62077,1
62079,1
62082,1
62085,2
62087,1
62089,1
62090,1
62091,1
62093,1
62095,1
62096,1
62098,1
62100,1
62102,1
62107,1
62118,2
62122,2
62124,1
62128,1
62130,1
62131,1
62132,1
62133,1
62135,1
62138,1
62142,1
62145,1
62148,1
62149,1
62150,2
62153,1
62156,1
62157,1
62161,1
62162,1
62169,2
62175,1
62176,1
62181,1
62182,1
62183,1
62187,1
62194,1
62199,2
62201,1
62207,1
62208,1
62210,1
62213,1
62217,1
62223,2
62224,1
62228,1
62239,1
62242,1
62247,1
62249,1
62250,1
62254,1
62261,2
62269,1
62271,1
62272,1
62273,1
62278,1
62286,1
62289,1
62294,1
62298,1
62304,1
62305,1
62310,1
62312,1
62315,1
62318,1
62322,1
62325,1
62331,2
62333,1
62334,1
62337,1
62344,1
62357,1
62361,1
62364,2
62373,1
62376,1
62377,1
62381,1
62386,1
62387,1
62390,1
62392,1
62395,1
62398,1
62403,1
62404,1
62405,1
62410,2
62412,2
62414,1
62416,1
62420,1
62423,1
62425,1
62432,1
62433,1
62434,1
62435,2
62441,1
62444,1
62449,1
62454,1
62459,1
62466,1
62469,1
62470,1
62471,2
62474,2
62475,1
62479,2
62480,1
62482,1
62484,1
62489,1
62490,1
62494,1
62497,1
62499,2
62501,2
62502,1
62505,1
62506,1
62509,1
62510,1
62515,1
62521,1
62530,1
62533,1
62534,1
62538,1
62541,3
62544,1
62554,1
62556,1
62557,1
62562,1
62564,1
62566,2
62578,1
62579,1
62580,1
62584,1
62585,1
62591,1
62592,1
62597,2
62601,2
62603,1
62604,1
62606,1
62608,1
62609,1
62611,1
62616,1
62620,2
62625,2
62627,1
62629,1
62631,2
62633,1
62635,2
62638,1
62642,1
62643,1
62644,1
62651,2
62654,3
62655,1
62656,1
62661,1
62663,1
62666,1
62669,1
62670,1
62673,1
62683,1
62684,1
62688,1
62692,1
62693,1
62697,1
62700,1
62702,1
62709,1
62710,2
62713,1
62715,1
62716,1
62718,1
62719,1
62722,1
62727,2
62732,1
62733,3
62735,1
62736,1
62738,1
62741,1
62742,1
62748,1
62749,1
62753,1
62755,2
62765,1
62767,1
62785,1
62786,1
62789,1
62790,2
62792,1
62800,1
62804,1
62811,1
62812,2
62817,1
62819,1
62826,1
62828,1
62830,1
62833,1
62835,1
62840,1
62842,1
62845,1
62847,1
62851,1
62853,1
62854,1
62857,1
62858,1
62859,1
62860,1
62870,2
62874,3
62878,1
62880,1
62881,1
62885,1
62886,1
62890,2
62894,2
62895,3
62897,1
62903,1
62908,1
62910,1
62913,1
62914,1
62917,1
62928,2
62931,1
62934,1
62939,1
62942,2
62950,1
62952,1
62954,1
62961,1
62966,2
62968,1
62970,1
62974,1
62979,1
62982,1
62984,1
62985,2
62991,1
63000,1
63002,1
63003,1
63010,1
63011,1
63017,1
63023,1
63026,1
63027,1
63028,1
63029,2
63036,1
63041,2
63045,1
63049,1
63051,1
63056,1
63063,1
63065,1
63068,2
63073,1
63077,1
63079,1
63080,2
63090,1
63091,1
63094,1
63097,1
63103,2
63104,1
63105,1
63108,1
63117,1
63124,1
63125,1
63126,1
63127,1
63129,1
63131,1
63136,1
63140,1
63143,1
63147,1
63154,1
63161,2
63162,1
63166,1
63173,1
63178,2
63179,2
63181,1
63184,1
63190,1
63191,1
63193,1
63196,1
63199,1
63202,1
63204,1
63207,1
63208,1
63210,1
63211,1
63213,1
63214,1
63216,1
63221,1
63233,2
63238,1
63241,1
63245,2
63252,1
63256,1
63258,1
63260,1
63261,1
63264,1
63268,1
63269,1
63271,1
63275,1
63276,1
63278,1
63289,1
63293,2
63295,1
63297,1
63307,1
63310,1
63318,1
63320,1
63322,1
63324,1
63334,1
63338,1
63339,1
63351,2
63352,1
63353,1
63356,1
63360,1
63365,2
63388,1
63390,1
63393,2
63395,1
63396,2
63398,1
63399,1
63400,1
63401,1
63402,1
63405,1
63406,1
63410,1
63413,1
63414,1
63415,2
63419,1
63420,1
63421,2
63424,2
63426,2
63427,1
63430,1
63431,1
63439,1
63443,1
63444,1
63446,1
63449,1
63450,1
63451,1
63468,1
63470,1
63471,1
63475,1
63478,2
63480,2
63481,1
63485,1
63486,1
63487,1
63489,1
63490,1
63492,1
63493,1
63499,1
63500,1
63501,1
63504,1
63505,1
63510,1
63512,1
63513,2
63517,1
63521,1
63524,1
63526,1
63533,1
63540,1
63546,1
63549,1
63553,1
63559,1
63562,1
63563,1
63565,1
63573,1
63574,1
63578,2
63580,1
63581,2
63584,1
63586,1
63588,1
63591,1
63605,1
63606,1
63613,1
63618,2
63629,1
63633,1
63646,1
63655,1
63656,1
63659,1
63669,1
63671,1
63683,1
63688,1
63693,1
63696,1
63697,1
63701,1
63706,1
63707,1
63717,2
63719,1
63722,1
63725,1
63726,1
63730,1
63731,1
63733,1
63736,1
63737,2
63744,1
63745,1
63753,1
63757,1
63774,1
63775,1
63776,2
63778,1
63781,1
63783,1
63793,1
63799,2
63801,1
63804,1
63808,1
63810,1
63819,1
63820,1
63823,1
63825,1
63831,1
63832,2
63834,1
63836,1
63838,1
63841,1
63849,1
63863,1
63865,1
63866,1
63874,1
63879,1
63882,1
63900,1
63912,1
63917,1
63920,1
63923,2
63928,1
63930,2
63937,1
63939,1
63943,1
63957,1
63963,1
63966,1
63972,1
63977,2
63980,1
63981,1
63983,1
63987,1
63988,1
63992,1
63995,1
63996,1
64000,1
64001,1
64008,1
64011,2
64013,1
64021,1
64023,1
64024,2
64026,1
64028,1
64033,1
64038,1
64046,1
64049,1
64051,1
64063,1
64064,1
64065,1
64067,1
64069,1
64073,2
64075,1
64085,1
64092,1
64094,1
64097,1
64098,1
64107,1
64108,1
64116,1
64127,1
64132,1
64134,1
64138,1
64140,1
64142,1
64147,1
64151,1
64155,2
64158,1
64166,1
64171,1
64178,1
64182,1
64184,1
64185,1
64186,1
64200,1
64201,1
64206,1
64208,1
64209,1
64213,1
64215,1
64229,1
64230,2
64232,1
64234,2
64235,1
64239,1
64240,2
64242,1
64245,1
64247,1
64248,3
64250,1
64252,1
64254,1
64255,1
64260,1
64262,1
64268,1
64269,1
64271,1
64273,2
64274,1
64276,1
64285,1
64287,1
64292,1
64294,1
64299,1
64309,1
64310,1
64311,2
64313,1
64315,1
64326,1
64334,1
64338,1
64342,1
64350,1
64353,1
64360,1
64363,2
64366,4
64369,1
64375,1
64378,1
64382,1
64391,1
64392,1
64401,1
64409,2
64422,1
64427,1
64430,1
64437,1
64438,1
64447,1
64450,1
64452,1
64462,1
64470,1
64472,1
64475,1
64477,2
64480,1
64482,1
64483,1
64486,2
64489,1
64490,1
64492,1
64496,1
64507,1
64510,1
64511,1
64525,1
64531,1
64534,1
64541,1
64543,1
64546,1
64547,1
64559,1
64562,1
64568,1
64571,2
64581,1
64584,1
64588,1
64591,1
64596,1
64599,1
64603,1
64613,1
64622,1
64627,1
64631,1
64632,1
64638,1
64639,1
64640,1
64641,1
64645,1
64649,2
64651,1
64652,1
64658,1
64660,2
64663,1
64665,1
64678,1
64682,2
64683,1
64689,1
64701,1
64703,1
64706,2
64711,1
64714,1
64733,1
64736,3
64743,1
64755,1
64756,1
64772,1
64781,1
64783,1
64784,1
64791,1
64796,1
64803,2
64813,1
64817,2
64821,1
64822,1
64826,1
64829,1
64830,1
64832,1
64843,1
64846,1
64856,1
64860,1
64861,1
64864,1
64865,1
64868,1
64871,1
64873,2
64875,1
64877,1
64888,1
64890,2
64893,1
64895,2
64896,1
64897,1
64900,1
64905,1
64908,1
64919,1
64920,1
64921,1
64925,1
64936,3
64939,1
64946,1
64947,1
64955,1
64956,1
64962,1
64964,1
64970,1
64975,1
64979,1
64981,1
64986,1
64988,1
64990,1
64991,1
64995,1
64997,1
64998,1
65000,1
65002,1
65008,1
65010,1
65020,1
65021,1
65025,1
65026,1
65029,1
65032,1
65034,1
65043,1
65044,1
65045,1
65048,1
65055,1
65059,1
65066,1
65069,1
65073,1
65076,2
65080,1
65091,1
65093,1
65095,1
65098,1
65107,1
65124,1
65130,1
65132,1
65136,1
65137,1
65140,1
65150,1
65152,1
65156,1
65158,1
65160,1
65170,2
65171,1
65176,1
65178,1
65179,2
65188,1
65192,1
65211,1
65213,1
65214,1
65221,1
65225,1
65226,1
65228,1
65234,1
65236,1
65241,1
65243,1
65253,1
65254,1
65267,2
65276,1
65278,1
65284,1
65288,1
65292,1
65293,2
65300,1
65314,1
65316,1
65322,1
65328,2
65332,1
65335,2
65336,1
65341,1
65352,1
65366,1
65367,1
65375,1
65398,1
65401,1
65402,1
65405,1
65408,1
65423,1
65424,1
65425,1
65429,1
65435,1
65440,1
65441,1
65443,1
65447,1
65459,1
65461,1
65467,1
65472,2
65473,1
65478,1
65480,1
65482,1
65488,1
65489,1
65491,1
65494,1
65495,1
65499,1
65504,2
65507,1
65509,1
65512,1
65516,1
65518,1
65519,1
65520,1
65529,1
65530,1
65540,1
65545,1
65557,1
65558,1
65572,1
65573,1
65574,2
65583,1
65584,1
65587,2
65593,1
65595,1
65598,1
65599,1
65600,1
65603,1
65615,1
65620,1
65621,1
65636,1
65643,1
65650,1
65656,1
65661,1
65664,1
65669,1
65670,1
65673,1
65677,1
65681,2
65687,2
65689,1
65702,1
65704,1
65709,1
65711,1
65715,1
65730,1
65744,1
65746,1
65748,1
65751,1
65755,1
65759,1
65760,1
65761,1
65774,1
65792,1
65794,1
65797,1
65810,1
65811,1
65812,1
65814,1
65817,1
65824,1
65826,1
65827,1
65834,1
65836,1
65841,1
65843,1
65845,1
65846,1
65847,2
65852,1
65875,1
65878,1
65879,1
65886,1
65896,1
65905,1
65912,1
65913,1
65916,1
65926,1
65937,1
65940,1
65952,2
65962,2
65967,1
65970,1
65974,1
65978,1
65979,1
65981,1
65984,1
65990,1
65991,1
66000,1
66002,1
66005,1
66016,1
66018,2
66031,1
66035,1
66038,1
66039,1
66044,1
66049,1
66051,1
66057,1
66058,1
66069,1
66079,1
66080,1
66084,1
66091,1
66103,1
66114,1
66122,1
66123,1
66124,1
66132,2
66133,1
66143,1
66148,1
66155,2
66159,2
66167,1
66184,1
66187,1
66191,1
66214,1
66222,1
66223,1
66228,1
66231,1
66234,1
66244,1
66249,1
66254,1
66255,1
66267,1
66268,1
66293,1
66301,1
66302,1
66304,1
66311,1
66317,1
66328,1
66330,1
66337,1
66344,1
66351,1
66352,1
66358,1
66362,2
66364,2
66367,1
66374,1
66381,1
66388,2
66391,1
66394,1
66400,1
66403,1
66408,1
66413,1
66416,1
66420,1
66428,1
66434,1
66435,2
66451,3
66454,2
66455,1
66466,1
66470,1
66474,1
66475,2
66495,1
66501,1
66505,1
66508,1
66512,1
66513,1
66520,1
66521,1
66529,1
66532,1
66533,1
66544,1
66547,1
66552,1
66556,2
66568,1
66579,1
66585,1
66591,2
66594,1
66599,1
66601,1
66603,1
66605,1
66613,1
66617,2
66619,1
66625,1
66626,2
66634,1
66638,1
66639,1
66644,1
66657,1
66658,1
66661,1
66664,1
66668,1
66673,1
66681,1
66682,1
66683,1
66688,1
66698,1
66702,1
66707,1
66717,1
66718,1
66741,1
66750,1
66754,1
66763,1
66768,2
66769,1
66773,1
66777,1
66785,1
66791,1
66795,1
66801,1
66807,1
66809,1
66822,1
66826,1
66827,1
66840,1
66852,1
66853,1
66867,1
66884,2
66892,1
66913,1
66921,1
66924,1
66928,1
66932,1
66940,1
66951,1
66952,1
66953,1
66966,1
66971,1
66995,1
67001,1
67002,1
67014,1
67017,1
67018,1
67027,1
67032,1
67036,1
67055,1
67058,1
67066,1
67085,1
67087,2
67105,1
67113,1
67123,2
67126,1
67128,1
67158,1
67164,1
67165,1
67168,1
67185,1
67196,1
67199,1
67208,1
67243,1
67244,2
67262,2
67269,1
67284,2
67287,1
67291,1
67292,1
67295,1
67296,1
67298,1
67304,2
67320,1
67322,1
67333,1
67338,1
67339,1
67346,1
67348,1
67356,1
67366,1
67375,1
67380,1
67381,1
67388,1
67389,1
67402,1
67403,1
67411,1
67414,1
67415,1
67418,1
67424,1
67445,1
67454,1
67455,1
67473,1
67500,1
67508,1
67511,1
67515,1
67536,1
67539,1
67544,1
67558,1
67559,1
67565,1
67575,1
67577,1
67616,1
67627,1
67631,2
67641,1
67642,1
67646,1
67658,1
67664,2
67669,1
67687,1
67701,1
67703,1
67706,1
67709,2
67710,1
67711,1
67713,1
67717,1
67721,1
67724,1
67727,1
67731,1
67734,1
67754,1
67756,1
67762,1
67769,2
67773,2
67785,1
67803,1
67808,1
67811,1
67815,1
67822,1
67823,1
67832,1
67838,2
67846,1
67847,1
67852,1
67857,1
67861,1
67877,1
67881,1
67882,1
67883,1
67892,1
67904,1
67906,1
67922,1
67923,1
67933,1
67942,1
67945,2
67950,1
67958,1
67963,1
67967,1
67972,1
67975,1
67977,1
67985,1
67994,1
67995,1
68000,1
68001,1
68006,1
68007,1
68018,1
68029,1
68030,1
68032,1
68053,1
68055,1
68058,1
68063,1
68066,1
68069,1
68079,1
68088,1
68090,1
68096,1
68118,1
68122,1
68138,1
68143,1
68155,1
68159,1
68172,1
68173,1
68178,1
68182,1
68185,1
68188,1
68192,3
68193,1
68197,1
68198,1
68201,1
68211,1
68212,2
68222,1
68233,1
68243,1
68245,1
68251,1
68256,1
68257,1
68260,2
68269,1
68273,1
68277,1
68280,1
68293,1
68302,1
68304,1
68308,1
68316,1
68325,1
68330,1
68331,1
68339,1
68345,1
68353,1
68364,1
68377,1
68388,1
68413,1
68425,1
68430,1
68455,1
68463,1
68472,1
68476,1
68481,1
68484,1
68501,1
68515,1
68530,1
68532,1
68533,1
68546,1
68551,1
68558,1
68568,1
68575,1
68579,1
68580,1
68583,1
68584,1
68587,1
68595,1
68596,1
68605,1
68610,1
68612,1
68618,1
68623,1
68633,1
68635,1
68640,1
68644,1
68646,1
68648,1
68656,1
68666,1
68667,1
68672,1
68677,1
68683,1
68685,1
68686,1
68690,1
68691,1
68708,1
68714,1
68729,1
68738,1
68740,1
68745,1
68751,1
68752,1
68761,1
68763,1
68768,1
68770,1
68773,1
68775,1
68779,1
68814,1
68821,1
68825,1
68834,1
68840,1
68845,1
68847,1
68851,1
68859,1
68865,1
68866,1
68883,2
68890,1
68894,1
68902,1
68909,1
68919,1
68920,1
68936,1
68938,1
68943,1
68980,1
68982,1
68985,1
68988,1
68990,1
68992,1
68999,1
69014,1
69015,1
69019,1
69021,1
69026,1
69027,1
69044,1
69045,1
69051,1
69052,2
69066,1
69069,1
69079,1
69088,1
69099,1
69101,1
69113,1
69115,1
69117,1
69122,1
69135,1
69141,1
69147,1
69200,2
69215,1
69237,2
69238,1
69268,1
69269,1
69270,1
69281,1
69301,1
69303,3
69311,1
69328,1
69335,1
69336,1
69346,1
69360,1
69369,1
69370,1
69372,1
69387,1
69397,1
69400,2
69403,1
69407,1
69408,1
69417,1
69423,1
69432,1
69441,1
69445,1
69447,1
69450,1
69458,1
69461,1
69462,1
69467,1
69473,1
69494,1
69497,1
69504,1
69512,1
69521,1
69560,1
69561,1
69573,1
69575,1
69578,1
69584,1
69585,1
69589,2
69595,1
69597,2
69603,1
69606,1
69611,1
69616,1
69618,1
69620,1
69627,1
69632,1
69635,1
69641,1
69653,1
69656,1
69665,1
69671,1
69691,1
69709,1
69728,2
69752,1
69754,1
69762,1
69774,1
69784,1
69793,1
69796,1
69801,1
69805,1
69821,1
69822,1
69844,1
69849,1
69863,1
69870,1
69875,1
69901,1
69911,1
69927,1
69930,1
69936,1
69942,1
69945,2
69969,1
69997,1
70000,1
70005,1
70011,1
70017,1
70021,1
70024,2
70030,1
70032,1
70040,1
70041,1
70049,1
70052,1
70069,1
70074,1
70080,1
70081,1
70083,1
70093,1
70108,1
70112,1
70119,1
70126,1
70147,1
70150,1
70163,2
70165,1
70166,1
70170,1
70194,1
70198,1
70253,2
70256,1
70267,2
70269,1
70291,1
70297,1
70299,1
70315,1
70329,1
70330,1
70337,1
70339,1
70349,1
70350,1
70357,1
70359,1
70362,1
70365,1
70374,1
70393,1
70395,2
70398,1
70401,1
70424,1
70425,1
70428,1
70429,1
70430,1
70442,1
70448,1
70451,1
70455,1
70457,1
70459,1
70461,1
70467,1
70474,1
70483,1
70484,1
70493,1
70495,1
70496,1
70511,1
70516,1
70517,1
70522,1
70526,1
70533,1
70537,1
70553,1
70565,1
70568,1
70570,2
70575,1
70576,1
70581,1
70596,1
70598,2
70603,1
70606,1
70614,1
70634,1
70643,1
70644,1
70649,1
70691,1
70693,1
70697,1
70704,1
70709,1
70711,1
70726,1
70733,1
70735,1
70737,1
70740,2
70743,1
70758,1
70760,1
70773,1
70788,1
70789,1
70799,1
70805,1
70810,1
70815,1
70821,1
70828,1
70834,1
70835,1
70836,1
70838,1
70840,1
70848,2
70870,2
70872,1
70878,1
70891,1
70896,1
70897,1
70905,1
70918,2
70936,1
70943,1
70956,1
70960,1
70961,1
70963,1
70970,1
70978,1
71001,1
71007,1
71009,1
71016,1
71024,2
71025,1
71037,1
71042,1
71066,1
71073,1
71091,1
71097,1
71112,1
71113,1
71118,1
71119,1
71120,1
71123,1
71129,1
71135,1
71142,2
71145,1
71152,1
71163,1
71169,2
71170,1
71183,1
71190,1
71200,1
71219,1
71231,1
71236,1
71247,1
71254,1
71255,1
71262,1
71267,1
71270,1
71272,1
71273,1
71282,1
71295,1
71306,1
71309,1
71318,1
71337,1
71345,1
71346,1
71349,1
71360,1
71364,1
71368,1
71369,1
71375,1
71400,1
71403,1
71406,1
71407,1
71422,1
71423,1
71424,1
71430,1
71446,1
71447,1
71455,1
71462,1
71472,1
71494,1
71506,1
71510,1
71513,1
71519,1
71522,1
71524,1
71537,1
71542,1
71545,1
71564,1
71571,1
71583,1
71588,1
71591,1
71593,1
71602,1
71604,1
71631,1
71634,1
71637,1
71653,1
71664,1
71672,1
71693,1
71694,1
71695,1
71700,1
71707,1
71720,1
71726,2
71749,1
71755,1
71763,2
71765,2
71769,1
71771,1
71784,1
71797,1
71798,1
71800,1
71802,2
71803,1
71808,2
71812,1
71817,1
71820,1
71824,1
71825,1
71838,1
71841,1
71847,1
71849,1
71859,1
71870,1
71873,1
71879,1
71882,1
71891,1
71893,1
71894,1
71897,1
71899,1
71904,1
71905,2
71908,1
71911,1
71917,1
71918,1
71920,1
71926,1
71929,1
71959,1
71962,1
71963,1
71967,1
71976,1
71980,1
71987,1
71999,1
72001,1
72003,1
72005,1
72008,1
72033,1
72039,1
72048,1
72055,1
72070,1
72078,1
72087,1
72093,1
72135,1
72140,1
72158,1
72162,1
72170,1
72186,1
72188,2
72195,1
72198,1
72218,1
72220,1
72223,1
72231,1
72232,1
72234,1
72235,1
72255,1
72261,1
72265,1
72273,1
72277,1
72280,1
72286,1
72290,1
72292,1
72308,1
72318,1
72319,1
72323,1
72330,1
72334,1
72342,1
72352,1
72354,1
72355,1
72362,2
72391,1
72392,1
72394,1
72411,1
72428,1
72445,1
72449,1
72451,1
72456,1
72485,1
72490,1
72496,1
72497,1
72499,1
72503,1
72507,1
72510,1
72512,1
72518,1
72523,1
72526,1
72535,1
72546,1
72560,1
72567,1
72570,1
72572,1
72581,1
72583,1
72598,1
72654,1
72655,1
72662,1
72663,1
72665,1
72678,1
72679,1
72680,2
72683,1
72687,1
72696,1
72718,1
72724,1
72725,1
72731,1
72740,1
72757,1
72758,1
72778,1
72800,1
72802,2
72811,1
72839,1
72843,1
72859,1
72861,1
72862,1
72876,1
72877,1
72887,1
72896,1
72900,1
72915,1
72916,1
72932,1
72937,1
72941,1
72957,1
72964,1
72966,1
72990,1
73012,1
73022,1
73034,1
73038,1
73051,1
73057,1
73059,1
73064,1
73069,2
73087,1
73093,1
73109,1
73110,1
73116,1
73118,1
73120,1
73126,1
73152,1
73160,1
73162,1
73164,1
73174,1
73197,1
73207,1
73212,1
73215,2
73225,1
73229,1
73233,1
73242,1
73245,1
73247,1
73268,1
73302,1
73308,1
73317,1
73328,1
73332,1
73337,1
73338,1
73350,1
73351,1
73354,1
73359,1
73361,1
73372,1
73378,1
73382,1
73383,1
73388,1
73389,1
73392,2
73398,2
73401,1
73403,1
73413,1
73424,1
73427,1
73435,1
73456,1
73458,1
73482,1
73485,1
73494,2
73497,1
73508,1
73509,1
73510,1
73515,1
73530,1
73535,1
73539,1
73541,2
73546,1
73557,1
73564,1
73574,1
73585,1
73588,1
73589,1
73594,1
73597,1
73615,1
73621,1
73637,1
73644,2
73648,1
73678,1
73687,1
73696,1
73697,1
73701,1
73710,1
73734,1
73742,1
73744,1
73747,1
73749,1
73753,1
73754,3
73758,1
73770,2
73802,1
73859,1
73866,1
73869,1
73870,1
73871,1
73890,1
73893,1
73904,1
73908,1
73925,1
73939,1
73941,1
73942,1
73949,2
73960,1
73962,1
73974,1
73979,1
73995,1
74003,2
74020,1
74021,1
74027,1
74034,1
74037,1
74046,1
74047,1
74088,1
74137,1
74166,1
74172,1
74179,1
74181,1
74198,1
74202,1
74210,1
74223,1
74225,1
74241,1
74254,2
74255,1
74258,1
74260,1
74268,1
74278,1
74293,1
74307,1
74319,1
74329,2
74352,1
74366,1
74367,1
74368,1
74372,1
74381,1
74384,2
74400,1
74402,1
74427,1
74433,1
74435,1
74436,1
74439,1
74445,1
74449,1
74457,1
74460,1
74472,1
74476,1
74479,1
74486,1
74497,1
74499,1
74501,1
74511,1
74525,1
74537,1
74543,1
74569,1
74575,1
74576,1
74580,1
74584,1
74592,1
74599,1
74613,1
74631,1
74635,1
74655,2
74656,1
74667,1
74670,1
74681,1
74698,1
74717,1
74720,1
74721,1
74723,2
74731,1
74744,2
74752,1
74758,2
74765,1
74773,2
74783,1
74784,1
74790,1
74791,1
74807,1
74816,1
74824,1
74842,1
74843,1
74846,1
74859,1
74869,1
74876,1
74890,1
74896,1
74907,1
74908,1
74916,1
74959,1
74960,1
74962,1
74964,2
74983,1
74986,1
74993,1
74994,1
74999,1
75017,1
75028,1
75041,1
75055,1
75061,1
75065,1
75066,1
75083,1
75089,1
75095,2
75096,1
75101,1
75103,1
75109,1
75136,1
75149,1
75151,1
75173,1
75189,1
75197,1
75204,1
75220,1
75235,1
75242,2
75254,1
75259,1
75290,1
75296,1
75309,1
75317,1
75330,1
75340,1
75360,1
75361,1
75365,1
75367,1
75371,1
75372,1
75389,1
75391,1
75438,1
75439,1
75442,1
75468,1
75471,1
75477,1
75480,1
75495,1
75498,1
75502,1
75525,2
75526,1
75535,1
75540,1
75543,1
75546,1
75547,1
75555,1
75595,1
75621,1
75622,1
75624,1
75636,1
75639,1
75643,1
75646,1
75647,2
75664,1
75679,1
75695,1
75696,1
75698,1
75710,1
75717,1
75754,2
75760,1
75761,1
75787,1
75815,1
75818,1
75821,1
75833,1
75838,1
75852,1
75857,1
75865,1
75868,1
75900,1
75906,1
75910,1
75921,1
75943,1
75949,1
75958,1
75975,1
75980,1
75986,1
76011,1
76015,1
76018,1
76036,2
76037,1
76041,1
76045,1
76053,1
76062,1
76075,1
76094,1
76102,1
76139,1
76143,1
76157,1
76159,1
76183,1
76189,1
76202,1
76203,1
76207,2
76214,1
76217,1
76225,1
76239,1
76270,1
76309,1
76310,1
76324,1
76341,1
76347,1
76360,1
76368,1
76373,1
76384,1
76388,1
76394,1
76396,1
76406,1
76414,1
76419,1
76433,1
76459,1
76495,1
76503,1
76528,1
76531,1
76535,1
76541,1
76553,1
76566,1
76568,1
76572,1
76587,1
76593,1
76608,1
76616,1
76647,1
76683,1
76684,1
76692,1
76703,1
76708,1
76711,1
76714,1
76715,1
76723,1
76728,1
76733,1
76735,1
76746,1
76755,1
76773,1
76777,1
76789,1
76806,1
76807,1
76812,1
76827,1
76828,1
76877,1
76881,1
76908,1
76910,1
76936,1
76937,1
76970,1
76973,1
76979,1
76983,2
76986,1
77002,1
77005,1
77029,1
77046,1
77047,1
77064,1
77085,1
77093,1
77096,1
77101,1
77107,1
77116,1
77120,1
77128,1
77136,1
77143,1
77144,1
77167,1
77168,1
77192,1
77196,1
77197,2
77198,1
77227,1
77243,1
77252,1
77264,2
77271,1
77274,1
77290,1
77300,1
77318,1
77323,1
77325,1
77333,1
77355,1
77373,1
77381,1
77393,1
77395,1
77401,1
77406,1
77408,1
77409,1
77410,2
77415,1
77431,1
77451,2
77459,1
77481,1
77515,1
77535,1
77537,1
77549,1
77555,1
77613,1
77618,1
77625,1
77630,1
77633,1
77635,1
77637,1
77653,1
77657,1
77674,1
77681,2
77692,1
77701,1
77704,1
77710,1
77731,1
77737,1
77749,1
77750,1
77754,1
77761,1
77782,1
77805,1
77813,1
77815,1
77820,1
77838,1
77854,1
77857,1
77887,1
77926,1
77964,1
77972,1
77997,2
78009,1
78019,1
78027,1
78043,1
78053,1
78061,1
78073,1
78075,1
78085,1
78100,1
78111,1
78120,1
78125,1
78131,1
78132,1
78139,1
78150,1
78154,1
78170,1
78188,1
78195,1
78235,1
78251,1
78262,1
78267,2
78270,1
78274,1
78289,1
78302,1
78304,1
78308,1
78309,1
78310,2
78324,1
78334,1
78337,1
78368,1
78407,1
78408,1
78417,1
78424,1
78427,1
78438,1
78470,1
78476,1
78482,1
78502,1
78522,1
78538,1
78559,1
78587,1
78608,1
78616,1
78618,1
78633,1
78637,1
78678,1
78726,1
78730,1
78754,1
78756,1
78766,1
78768,1
78811,1
78819,1
78871,1
78901,1
78902,1
78905,3
78908,1
78922,1
78930,1
78935,1
78938,1
78940,1
78943,1
78951,1
78953,1
78967,1
78974,1
78990,1
78994,2
79018,1
79048,2
79053,1
79065,1
79069,1
79070,1
79103,1
79124,1
79137,1
79144,1
79167,1
79171,1
79181,1
79210,1
79213,1
79235,1
79236,1
79263,1
79274,1
79276,1
79278,1
79281,1
79287,1
79294,1
79299,1
79303,1
79304,1
79360,1
79361,1
79381,1
79387,1
79419,1
79425,1
79432,1
79435,1
79446,1
79455,1
79460,1
79476,1
79507,1
79510,1
79518,1
79520,1
79530,1
79533,1
79535,1
79546,1
79558,1
79563,1
79564,1
79565,1
79568,1
79575,1
79583,1
79632,2
79636,1
79645,1
79648,1
79650,2
79691,1
79693,1
79701,1
79722,1
79726,1
79749,1
79758,1
79760,1
79769,1
79778,1
79793,1
79802,1
79804,1
79819,1
79824,1
79830,1
79834,1
79875,1
79876,1
79881,1
79919,1
79959,1
79960,1
79979,1
79988,1
79993,1
79995,1
80004,1
80009,1
80015,1
80016,1
80018,1
80024,1
80031,1
80047,1
80048,2
80057,1
80080,1
80086,1
80087,1
80090,1
80100,1
80102,1
80118,1
80144,1
80149,2
80183,1
80198,1
80210,1
80212,1
80238,1
80239,1
80248,1
80256,1
80261,1
80263,1
80285,1
80287,1
80301,1
80302,1
80309,1
80312,1
80314,1
80333,1
80336,1
80338,1
80343,1
80345,1
80366,1
80367,1
80368,1
80380,1
80381,1
80405,1
80406,1
80413,1
80430,1
80431,1
80444,1
80445,1
80492,1
80523,1
80526,1
80528,1
80533,1
80536,1
80559,1
80579,2
80580,1
80586,1
80591,1
80614,1
80635,1
80640,1
80645,1
80647,1
80672,1
80687,1
80693,1
80699,1
80706,1
80731,1
80737,1
80741,1
80744,1
80750,1
80753,1
80778,1
80798,1
80800,1
80803,1
80809,1
80819,1
80822,1
80824,1
80845,1
80850,1
80859,1
80882,1
80916,1
80922,1
80932,1
80949,1
80960,1
80970,1
80975,1
80987,1
80999,1
81002,1
81004,1
81039,1
81051,1
81060,1
81072,1
81078,1
81099,1
81137,1
81150,1
81170,1
81186,1
81191,1
81216,1
81218,1
81235,1
81246,1
81248,1
81263,2
81272,1
81273,1
81284,1
81298,1
81306,1
81308,1
81310,1
81312,1
81313,1
81319,1
81325,1
81326,1
81327,1
81338,1
81341,1
81386,1
81423,1
81431,1
81443,1
81446,1
81449,1
81460,1
81465,1
81474,1
81485,1
81505,1
81538,1
81542,1
81546,1
81561,1
81572,1
81605,1
81607,1
81611,1
81615,1
81619,1
81623,1
81624,1
81642,1
81651,1
81674,1
81703,1
81751,1
81775,1
81787,1
81789,1
81804,1
81812,1
81832,1
81839,1
81845,1
81846,1
81880,1
81882,1
81887,1
81890,1
81896,1
81930,1
81940,1
81951,1
81961,1
81969,1
81971,1
82010,1
82018,1
82022,1
82087,1
82096,1
82100,1
82129,1
82184,1
82186,1
82217,1
82243,1
82251,1
82260,1
82263,1
82271,1
82279,1
82296,1
82310,1
82318,1
82328,1
82329,1
82339,1
82359,1
82366,1
82389,1
82437,1
82473,2
82479,1
82481,1
82495,1
82520,1
82562,1
82567,1
82573,1
82587,1
82605,1
82606,1
82609,1
82650,1
82651,1
82652,1
82657,1
82676,1
82681,1
82697,1
82710,1
82712,1
82732,1
82774,1
82786,1
82833,1
82844,2
82848,1
82867,1
82910,1
82959,1
82982,1
82990,1
82997,2
83029,1
83033,1
83047,1
83051,1
83080,1
83088,1
83089,1
83100,2
83108,1
83116,1
83121,2
83128,1
83138,1
83141,1
83154,1
83156,1
83161,1
83184,1
83190,1
83199,1
83220,1
83225,1
83232,1
83255,2
83260,1
83270,1
83285,1
83289,1
83294,1
83297,1
83307,1
83312,1
83318,1
83332,1
83359,1
83373,1
83382,1
83391,1
83394,1
83415,2
83424,1
83474,1
83498,1
83517,1
83519,1
83528,1
83538,1
83540,1
83553,1
83620,1
83625,1
83626,1
83640,1
83642,1
83648,1
83685,1
83706,1
83768,1
83770,2
83775,1
83779,1
83800,1
83804,1
83816,1
83823,1
83825,1
83852,1
83861,1
83867,1
83883,1
83901,1
83908,1
83928,1
83931,1
83939,1
83941,1
83953,1
83957,1
83968,1
84016,1
84017,1
84077,1
84083,1
84098,2
84101,1
84106,1
84136,1
84157,1
84260,1
84271,1
84279,1
84304,1
84313,1
84314,1
84320,1
84330,1
84339,1
84345,1
84360,1
84377,1
84419,1
84422,1
84429,1
84432,1
84439,1
84440,1
84446,1
84468,1
84619,1
84620,1
84621,1
84641,1
84645,1
84650,1
84661,1
84697,1
84702,1
84705,1
84707,1
84708,1
84717,1
84741,1
84750,1
84764,1
84771,1
84798,1
84800,1
84802,1
84860,1
84869,1
84870,1
84907,2
84953,1
84955,1
84962,1
84966,1
84976,1
84998,1
85008,1
85020,1
85029,2
85041,1
85075,1
85088,1
85096,1
85098,2
85108,1
85113,1
85146,1
85159,1
85183,1
85185,1
85186,1
85188,1
85193,1
85195,1
85220,1
85238,1
85242,1
85254,1
85305,1
85312,1
85329,1
85343,1
85344,1
85397,1
85411,1
85438,1
85453,1
85456,1
85457,1
85483,1
85488,2
85495,1
85497,1
85527,1
85529,1
85530,1
85538,1
85551,1
85552,1
85567,1
85583,1
85589,1
85591,1
85600,1
85602,1
85610,1
85646,1
85726,1
85772,1
85781,1
85794,1
85802,1
85812,1
85830,1
85868,1
85872,1
85899,1
85911,1
85912,1
85927,1
85942,1
85969,1
85975,1
85979,1
85995,1
85998,1
86009,1
86022,1
86039,1
86063,1
86072,1
86086,1
86088,1
86093,1
86109,1
86145,1
86149,1
86163,1
86169,1
86174,1
86193,1
86201,1
86210,1
86213,1
86219,1
86226,1
86241,1
86259,1
86269,1
86273,1
86294,1
86312,1
86319,1
86324,1
86327,1
86355,1
86361,1
86372,1
86402,1
86405,1
86406,1
86407,1
86411,1
86416,1
86433,1
86449,1
86457,1
86467,1
86490,1
86497,1
86507,1
86540,1
86564,1
86583,1
86598,1
86600,1
86607,1
86622,1
86632,1
86648,1
86650,1
86663,1
86690,1
86715,1
86722,1
86767,1
86779,1
86815,1
86818,1
86836,1
86895,1
86902,1
86904,1
86927,1
86949,1
86955,1
86978,1
86992,1
87003,1
87017,1
87022,1
87029,1
87066,1
87107,1
87113,1
87124,1
87127,1
87134,1
87156,1
87164,1
87165,1
87182,1
87183,1
87196,1
87202,1
87211,1
87225,1
87244,1
87262,1
87306,1
87328,1
87342,1
87344,1
87361,1
87362,1
87371,1
87382,1
87394,1
87406,1
87422,1
87424,1
87437,2
87494,1
87510,1
87527,1
87532,1
87540,1
87560,1
87582,1
87590,1
87620,1
87625,1
87648,1
87654,1
87684,1
87703,1
87723,1
87724,1
87728,2
87730,1
87763,1
87766,1
87808,1
87812,1
87814,1
87844,1
87861,1
87873,1
87879,1
87886,1
87901,1
87905,1
87907,1
87909,1
87920,1
87922,1
87931,1
87942,1
87949,1
87983,1
88005,1
88023,1
88027,1
88033,1
88036,1
88063,1
88065,1
88066,1
88072,1
88091,1
88104,1
88109,1
88133,1
88144,1
88163,1
88173,1
88213,1
88215,1
88223,1
88258,1
88275,1
88283,1
88288,1
88323,1
88328,1
88336,1
88355,1
88360,1
88364,1
88377,1
88386,1
88392,1
88404,1
88418,1
88431,1
88444,1
88451,1
88474,1
88477,1
88479,1
88480,1
88482,1
88484,1
88510,1
88513,1
88527,1
88529,1
88554,1
88556,1
88571,1
88593,1
88598,1
88600,1
88613,1
88614,1
88625,1
88652,1
88666,1
88692,1
88726,1
88742,1
88750,1
88755,1
88762,1
88769,1
88770,1
88787,1
88789,1
88794,2
88799,1
88815,1
88818,1
88824,2
88837,2
88854,1
88862,1
88865,1
88867,1
88872,1
88875,1
88880,1
88910,1
88947,1
88964,1
88968,1
88987,1
89012,1
89021,1
89030,1
89056,1
89060,1
89061,1
89081,2
89097,1
89106,1
89122,1
89128,1
89129,1
89134,1
89141,1
89150,1
89153,2
89177,1
89225,1
89229,1
89233,1
89238,1
89243,1
89272,1
89280,2
89286,1
89288,1
89290,1
89291,1
89304,1
89311,1
89312,1
89335,1
89336,1
89339,1
89355,1
89371,1
89375,1
89409,1
89427,1
89433,1
89440,1
89442,1
89443,1
89445,1
89450,1
89483,1
89496,1
89508,1
89518,1
89521,1
89524,1
89534,1
89554,1
89556,1
89562,1
89580,1
89585,1
89594,1
89596,1
89604,1
89647,1
89648,1
89665,1
89685,1
89688,1
89695,1
89706,1
89708,1
89709,1
89723,1
89739,1
89742,1
89743,1
89763,1
89771,1
89773,1
89774,1
89776,1
89791,1
89797,1
89815,1
89834,1
89860,1
89867,1
89873,1
89874,1
89885,1
89889,1
89890,1
89898,1
89904,1
89911,1
89916,1
89926,1
89932,1
89940,1
89949,1
89959,1
89964,1
89970,1
89977,1
89990,1
89994,1
89999,1
90029,1
90039,1
90041,1
90048,1
90061,1
90062,1
90066,1
90067,1
90068,1
90084,2
90107,1
90109,1
90115,1
90142,1
90168,1
90173,1
90174,1
90186,1
90189,1
90190,1
90206,1
90207,1
90208,1
90213,1
90221,2
90237,1
90250,1
90253,1
90257,1
90261,1
90262,1
90287,1
90289,1
90298,1
90307,1
90308,1
90310,1
90324,1
90338,1
90340,1
90348,1
90349,1
90351,1
90361,1
90390,1
90401,1
90406,2
90407,1
90409,1
90412,1
90421,1
90423,1
90425,1
90427,1
90439,1
90440,1
90452,1
90461,1
90462,1
90480,2
90483,1
90497,1
90500,1
90503,1
90505,1
90511,1
90516,1
90518,1
90523,1
90527,2
90549,1
90553,1
90554,1
90557,1
90558,1
90578,1
90589,1
90593,1
90602,1
90608,1
90612,1
90636,1
90646,1
90649,1
90652,1
90672,1
90680,1
90686,1
90696,1
90706,1
90710,1
90717,1
90718,1
90723,1
90730,2
90736,1
90737,1
90739,1
90741,1
90742,1
90744,1
90758,1
90760,1
90763,1
90768,1
90774,1
90784,1
90790,1
90793,1
90801,1
90825,1
90826,1
90837,1
90843,1
90845,2
90853,1
90855,1
90857,1
90867,1
90874,1
90881,1
90898,1
90902,1
90904,2
90906,1
90911,1
90916,1
90919,2
90923,1
90946,1
90956,1
90961,2
90971,1
90977,1
90989,1
90991,1
90993,1
91000,1
91004,1
91005,1
91027,1
91030,1
91033,1
91081,2
91107,1
91124,1
91125,1
91138,1
91139,1
91142,1
91147,1
91152,1
91156,1
91163,1
91168,1
91180,1
91190,1
91194,1
91206,1
91218,1
91222,1
91234,1
91237,1
91244,1
91248,2
91250,1
91257,1
91260,1
91265,1
91280,1
91290,1
91294,1
91306,1
91314,1
91321,1
91334,1
91344,2
91347,1
91353,1
91366,1
91375,1
91381,1
91420,1
91433,1
91438,1
91439,1
91452,1
91458,1
91471,1
91477,1
91519,1
91520,1
91530,1
91540,1
91544,1
91545,1
91546,1
91570,1
91576,1
91577,1
91582,1
91583,1
91588,1
91594,1
91604,1
91613,1
91631,1
91641,1
91647,1
91654,1
91669,1
91671,1
91688,1
91691,1
91704,1
91737,1
91749,1
91755,1
91764,1
91766,1
91785,1
91787,1
91791,1
91792,1
91795,1
91801,1
91809,1
91818,1
91820,1
91823,1
91826,1
91843,1
91861,1
91870,1
91882,1
91887,1
91888,1
91902,1
91910,1
91915,1
91917,2
91927,1
91928,1
91929,1
91932,1
91933,1
91935,1
91940,2
91958,1
91960,2
91968,2
91970,1
91977,1
91984,1
92007,1
92013,1
92014,1
92018,1
92022,1
92024,1
92031,1
92032,1
92037,1
92049,1
92114,1
92123,1
92134,1
92139,1
92140,1
92144,1
92160,1
92176,1
92193,1
92203,2
92207,1
92224,1
92227,1
92229,1
92236,1
92237,1
92246,1
92250,1
92259,1
92298,1
92300,1
92305,1
92311,1
92316,1
92348,1
92360,1
92361,1
92400,1
92411,1
92415,1
92417,1
92428,1
92429,1
92433,1
92437,1
92448,1
92458,2
92469,1
92471,1
92473,1
92546,1
92547,1
92561,1
92563,1
92564,1
92573,1
92587,1
92617,1
92630,1
92646,1
92651,1
92704,2
92721,1
92724,1
92729,1
92752,1
92755,1
92771,1
92789,1
92798,1
92801,1
92809,1
92814,1
92818,1
92819,1
92859,1
92881,1
92894,1
92895,1
92905,2
92911,1
92915,1
92916,1
92966,1
92981,1
92990,1
93004,1
93017,1
93026,1
93032,1
93043,1
93062,1
93085,1
93113,1
93118,1
93123,1
93140,1
93145,1
93177,1
93185,2
93189,2
93214,1
93215,1
93217,1
93224,1
93239,1
93257,1
93272,1
93296,1
93323,1
93325,1
93328,1
93340,1
93346,1
93373,1
93376,1
93380,1
93381,1
93383,1
93399,1
93428,1
93436,1
93439,1
93447,1
93451,1
93478,1
93484,1
93487,1
93501,1
93532,2
93571,1
93578,1
93584,1
93631,1
93642,1
93647,1
93660,1
93681,1
93685,1
93688,1
93698,1
93703,1
93708,1
93721,1
93734,1
93746,2
93758,1
93767,1
93771,1
93782,1
93798,1
93804,1
93816,1
93820,1
93828,1
93854,1
93877,1
93894,1
93906,1
93907,1
93939,1
93946,1
93964,1
93977,1
93981,1
93984,1
94007,1
94019,1
94026,1
94042,1
94056,1
94059,1
94061,1
94066,1
94104,1
94108,1
94109,1
94173,1
94189,1
94194,1
94197,1
94201,1
94213,1
94219,1
94230,1
94248,1
94249,1
94274,1
94299,1
94322,1
94328,1
94336,1
94376,1
94400,1
94435,1
94441,1
94448,1
94456,1
94472,1
94488,1
94510,1
94511,1
94536,1
94540,1
94558,1
94572,1
94582,1
94585,1
94604,1
94630,1
94647,1
94658,1
94668,1
94675,1
94682,1
94686,1
94688,1
94700,1
94733,1
94734,1
94781,1
94786,1
94793,1
94809,1
94816,1
94819,1
94822,1
94824,1
94825,1
94839,1
94842,1
94850,1
94896,1
94900,1
94901,1
94915,1
94918,1
94944,1
94952,2
94966,1
94977,1
94982,1
94987,1
94994,1
95033,1
95036,1
95045,1
95048,1
95057,1
95088,2
95095,1
95100,1
95129,1
95136,1
95137,1
95163,1
95167,1
95171,1
95189,1
95192,1
95195,1
95200,1
95208,1
95238,1
95244,1
95245,1
95247,1
95273,2
95288,2
95293,1
95303,1
95304,1
95322,1
95342,1
95344,1
95345,1
95350,1
95357,1
95381,1
95389,1
95407,1
95408,1
95422,1
95428,1
95429,1
95430,1
95440,1
95444,1
95448,2
95471,1
95481,1
95484,1
95491,1
95505,2
95512,1
95534,1
95538,1
95540,1
95545,1
95551,1
95563,1
95564,1
95566,1
95567,1
95571,1
95573,1
95580,1
95594,1
95601,1
95602,1
95605,1
95609,1
95621,1
95635,1
95644,1
95648,1
95658,1
95668,1
95677,1
95683,1
95686,1
95732,1
95734,2
95756,1
95760,2
95784,1
95795,1
95798,1
95823,1
95830,1
95833,1
95835,1
95872,1
95875,1
95893,1
95895,1
95908,2
95913,1
95915,1
95917,1
95920,1
95945,1
95948,1
95967,1
95973,1
95978,1
95983,1
95986,1
95992,1
95996,1
96015,1
96023,1
96032,1
96034,1
96037,1
96043,1
96044,1
96051,1
96054,1
96074,1
96075,1
96092,1
96103,1
96145,1
96162,1
96172,1
96173,1
96175,1
96178,1
96181,1
96192,1
96196,1
96202,1
96212,1
96213,1
96236,1
96239,1
96244,1
96248,1
96249,2
96267,1
96277,1
96284,1
96291,1
96292,1
96295,1
96298,1
96305,1
96308,1
96309,1
96328,1
96335,1
96336,1
96342,1
96347,1
96359,1
96373,1
96374,1
96377,1
96383,1
96391,1
96393,1
96402,1
96410,1
96415,1
96418,1
96429,1
96445,1
96452,1
96479,2
96484,1
96506,1
96523,1
96525,1
96528,1
96538,1
96548,1
96553,1
96561,1
96569,1
96588,1
96604,1
96609,1
96636,1
96638,1
96644,1
96645,1
96658,1
96660,1
96662,1
96691,2
96717,2
96730,1
96736,1
96740,1
96742,1
96743,1
96746,1
96750,1
96751,1
96753,2
96757,1
96758,2
96761,1
96767,1
96768,1
96770,2
96775,1
96779,1
96785,1
96787,1
96795,1
96796,1
96797,1
96800,1
96805,1
96810,1
96816,1
96818,1
96823,1
96825,1
96829,2
96841,1
96859,1
96869,1
96872,1
96874,2
96883,1
96886,1
96908,1
96914,1
96923,1
96926,1
96943,1
96958,2
96960,1
96961,1
96975,2
96979,1
96980,1
96985,1
96989,1
96992,1
96993,1
97008,1
97028,1
97032,1
97034,1
97036,1
97038,1
97040,1
97042,1
97045,1
97046,1
97049,1
97056,1
97074,1
97104,1
97106,1
97110,1
97113,1
97120,1
97127,1
97136,1
97148,1
97158,1
97177,1
97180,1
97189,1
97191,1
97192,1
97197,1
97200,1
97205,1
97206,1
97210,2
97222,1
97227,1
97232,2
97247,1
97254,1
97275,1
97281,1
97289,1
97296,1
97301,2
97311,1
97323,1
97327,1
97328,1
97330,1
97335,1
97336,1
97341,3
97344,1
97345,1
97348,1
97376,1
97391,1
97393,1
97398,1
97401,1
97428,1
97431,2
97441,1
97445,1
97461,1
97476,1
97478,1
97488,2
97489,1
97505,1
97506,1
97509,2
97515,1
97516,1
97531,1
97532,1
97533,1
97538,1
97541,1
97543,1
97545,1
97548,1
97551,1
97552,1
97555,1
97559,1
97560,1
97565,1
97573,1
97580,1
97586,1
97587,1
97590,1
97596,1
97599,1
97601,1
97616,1
97621,1
97623,1
97632,1
97634,1
97639,1
97640,1
97644,1
97648,1
97652,1
97659,1
97673,1
97675,1
97681,1
97687,1
97691,1
97695,2
97699,1
97717,1
97718,1
97725,1
97727,1
97728,1
97729,1
97732,1
97736,1
97737,1
97759,1
97763,1
97770,1
97776,1
97804,1
97811,1
97818,1
97826,1
97828,1
97831,1
97835,1
97837,1
97838,1
97845,1
97852,1
97856,1
97866,1
97873,1
97878,1
97879,2
97881,1
97890,1
97898,2
97900,1
97903,1
97904,1
97923,1
97933,2
97934,1
97935,1
97939,1
97944,1
97961,1
97966,1
97980,1
97989,2
97991,1
97994,1
98001,1
98002,1
98010,1
98017,1
98019,1
98020,1
98023,1
98033,1
98038,1
98047,1
98049,2
98057,1
98061,1
98062,1
98071,1
98089,2
98102,1
98104,1
98105,1
98106,1
98108,1
98112,2
98113,1
98114,2
98120,1
98126,1
98129,1
98135,1
98137,2
98138,1
98144,1
98145,1
98147,1
98149,1
98153,1
98156,1
98158,1
98159,1
98164,1
98172,1
98176,1
98177,1
98180,1
98183,1
98189,1
98199,2
98201,1
98215,1
98217,2
98219,1
98222,1
98223,2
98224,1
98225,2
98229,2
98230,1
98244,1
98252,1
98259,1
98260,1
98262,1
98264,1
98266,1
98271,1
98272,1
98275,1
98278,1
98280,1
98286,1
98288,1
98290,1
98294,1
98297,1
98299,1
98303,1
98313,1
98332,1
98335,1
98346,1
98350,1
98356,1
98359,1
98361,1
98362,1
98366,1
98376,1
98378,1
98381,1
98383,1
98384,1
98390,1
98399,1
98400,1
98403,1
98407,1
98408,1
98411,1
98412,1
98414,1
98415,2
98417,1
98420,1
98433,1
98445,1
98456,1
98457,1
98459,1
98464,2
98468,2
98469,1
98472,1
98474,1
98478,1
98480,1
98481,1
98490,1
98491,1
98495,1
98500,2
98511,2
98512,1
98513,1
98521,2
98525,1
98539,1
98543,1
98544,2
98547,1
98548,2
98557,1
98558,1
98564,1
98565,1
98566,1
98571,1
98572,1
98573,1
98578,1
98585,1
98589,1
98597,1
98609,2
98611,1
98616,1
98621,1
98622,1
98626,1
98631,2
98632,1
98634,1
98639,1
98644,2
98646,1
98647,1
98653,1
98656,2
98660,1
98666,1
98669,1
98671,1
98674,1
98676,1
98678,1
98683,1
98689,1
98690,1
98702,1
98703,1
98709,1
98716,1
98719,1
98720,1
98724,2
98726,2
98728,1
98729,1
98731,1
98735,1
98747,1
98753,1
98754,1
98757,1
98760,1
98761,1
98764,1
98767,2
98770,1
98772,1
98775,1
98782,2
98796,2
98801,1
98806,1
98809,1
98810,2
98813,1
98816,1
98821,1
98823,1
98824,1
98833,1
98835,1
98837,1
98838,1
98840,1
98842,1
98856,1
98857,1
98863,1
98864,1
98868,1
98869,2
98873,1
98874,1
98878,1
98880,1
98886,1
98888,1
98892,1
98894,2
98896,1
98898,1
98904,1
98907,1
98908,1
98910,1
98913,1
98914,2
98915,1
98916,1
98917,1
98920,1
98922,2
98923,1
98926,1
98928,1
98931,1
98932,1
98935,1
98937,1
98939,1
98944,1
98947,1
98950,2
98951,1
98957,1
98962,1
98964,2
98970,1
98971,1
98972,1
98975,1
98979,1
98984,2
98985,1
98991,1
98993,1
98994,1
98998,2
98999,1
99001,1
99002,1
99004,1
99010,1
99016,1
99017,1
99019,1
99021,1
99028,1
99030,1
99032,1
99033,1
99034,1
99038,1
99051,1
99060,1
99064,2
99067,1
99072,1
99073,1
99074,1
99075,1
99083,1
99085,1
99088,1
99093,1
99096,1
99099,1
99101,1
99102,1
99107,1
99110,1
99114,1
99126,1
99127,2
99133,1
99136,1
99138,1
99141,1
99144,1
99150,1
99151,4
99152,1
99153,1
99155,2
99156,2
99159,1
99160,1
99163,1
99166,1
99169,1
99170,1
99174,1
99176,1
99177,1
99180,1
99187,1
99188,1
99194,2
99195,1
99196,2
99198,1
99202,1
99206,1
99208,1
99213,1
99214,1
99216,2
99217,2
99220,1
99221,1
99224,1
99230,1
99231,1
99236,2
99237,2
99240,1
99242,1
99243,1
99245,1
99247,1
99251,2
99252,1
99259,1
99262,1
99263,1
99276,1
99283,1
99284,3
99286,1
99290,1
99292,1
99295,1
99296,1
99298,1
99300,1
99308,1
99309,1
99311,1
99314,1
99315,1
99316,1
99319,1
99326,1
99327,1
99329,1
99331,1
99333,1
99337,1
99338,1
99341,1
99342,1
99343,1
99347,1
99348,1
99352,1
99356,2
99363,1
99364,1
99369,1
99375,1
99383,2
99384,3
99387,1
99388,1
99390,2
99391,1
99395,1
99399,1
99407,1
99408,1
99410,1
99412,2
99415,1
99416,1
99417,1
99418,1
99419,1
99420,1
99424,2
99427,1
99431,2
99432,1
99433,1
99434,1
99440,1
99441,1
99445,1
99446,1
99447,1
99452,1
99461,1
99464,1
99470,1
99472,1
99474,1
99476,1
99477,1
99481,1
99483,1
99486,1
99493,1
99498,2
99500,1
99502,1
99503,1
99508,1
99509,1
99510,1
99511,1
99512,1
99513,1
99517,2
99518,1
99520,2
99521,1
99523,1
99528,1
99531,1
99536,1
99541,1
99546,2
99548,1
99552,3
99560,1
99562,1
99564,1
99570,1
99571,2
99574,1
99575,2
99579,1
99580,1
99581,1
99582,1
99583,1
99585,1
99586,4
99588,1
99589,1
99591,1
99594,1
99595,1
99596,1
99597,1
99599,1
99602,1
99605,2
99606,1
99614,1
99616,1
99621,1
99623,1
99628,1
99629,1
99632,1
99633,1
99637,1
99638,1
99639,1
99640,2
99648,1
99650,1
99651,1
99657,1
99659,3
99660,2
99661,1
99669,1
99671,1
99675,1
99676,1
99677,1
99682,1
99684,1
99686,1
99690,2
99694,1
99698,1
99699,1
99703,1
99706,1
99708,1
99709,1
99711,1
99715,1
99717,1
99720,2
99723,1
99724,1
99726,1
99728,1
99729,2
99730,1
99733,1
99737,1
99738,1
99740,1
99743,1
99744,1
99748,1
99749,3
99757,1
99765,2
99769,1
99773,1
99774,1
99780,1
99783,1
99784,1
99785,1
99786,1
99787,1
99788,1
99792,3
99801,1
99803,1
99804,1
99806,1
99807,1
99808,2
99809,3
99813,2
99814,1
99815,2
99817,1
99819,1
99823,1
99832,1
99834,1
99835,1
99836,1
99838,3
99839,1
99840,1
99844,1
99845,1
99849,1
99853,1
99854,1
99858,2
99859,1
99863,1
99864,2
99865,1
99866,2
99872,1
99876,1
99877,1
99879,2
99880,1
99881,1
99882,1
99886,1
99887,1
99890,1
99891,1
99893,2
99895,2
99897,1
99900,2
99904,1
99905,1
99914,1
99918,1
99919,1
99920,3
99923,1
99924,1
99925,1
99929,1
99933,2
99937,2
99938,1
99942,1
99946,1
99948,1
99949,1
99951,1
99952,2
99954,1
99956,1
99958,1
99959,1
99960,1
99965,1
99968,2
99973,1
99976,1
99980,1
99983,1
99988,1
99990,1
99995,1
100004,1
100006,1
100007,2
100009,1
100014,1
100016,2
100017,1
100019,2
100020,1
100026,2
100028,2
100032,1
100035,1
100045,1
100049,2
100050,1
100051,1
100053,2
100056,1
100059,1
100062,2
100064,1
100066,1
100075,1
100079,1
100086,2
100091,1
100092,2
100095,1
100096,1
100101,1
100106,1
100110,1
100112,1
100113,1
100114,2
100115,1
100118,1
100121,2
100122,3
100123,1
100124,1
100127,1
100130,1
100131,1
100133,1
100135,1
100137,2
100141,1
100144,1
100147,2
100150,1
100153,1
100154,1
100155,1
100157,1
100160,1
100161,3
100164,1
100165,1
100167,1
100170,2
100173,1
100175,1
100178,1
100179,1
100181,2
100184,1
100185,1
100186,2
100187,3
100189,1
100190,1
100191,1
100192,1
100193,1
100196,1
100197,1
100198,1
100202,1
100203,1
100208,2
100210,1
100211,2
100212,1
100213,1
100217,1
100218,2
100223,1
100226,2
100229,2
100230,1
100231,2
100232,1
100234,1
100237,3
100241,1
100242,1
100245,1
100248,1
100255,2
100256,1
100266,1
100268,1
100271,1
100272,1
100273,1
100281,2
100282,2
100285,1
100288,2
100289,2
100290,1
100291,1
100294,2
100297,1
100306,1
100316,1
100319,1
100321,1
100322,1
100329,2
100333,1
100334,1
100338,1
100340,1
100342,2
100343,1
100344,1
100347,1
100349,1
100350,1
100351,2
100353,2
100356,1
100359,1
100360,2
100366,1
100368,1
100373,1
100376,1
100381,1
100383,1
100385,1
100386,1
100387,1
100390,1
100392,1
100393,1
100394,2
100395,1
100397,1
100400,1
100402,1
100405,1
100406,1
100407,2
100410,2
100412,1
100413,2
100417,1
100420,1
100423,3
100426,1
100427,1
100428,3
100430,1
100432,2
100433,1
100434,2
100435,2
100436,1
100441,1
100444,1
100447,1
100448,1
100452,2
100454,1
100459,1
100460,1
100468,1
100469,1
100470,2
100472,1
100474,1
100475,4
100476,1
100477,2
100481,1
100483,2
100488,1
100489,1
100491,1
100492,1
100495,1
100497,1
100498,1
100500,1
100506,1
100508,2
100511,1
100512,2
100513,1
100515,1
100516,2
100517,1
100521,1
100523,1
100525,1
100527,2
100530,3
100531,1
100535,2
100539,2
100546,1
100547,1
100548,2
100549,1
100554,1
100555,1
100560,1
100565,2
100566,2
100568,1
100575,1
100577,1
100579,2
100580,2
100581,1
100582,1
100583,1
100584,1
100587,1
100597,1
100602,1
100605,1
100607,1
100608,1
100609,1
100614,1
100617,2
100619,1
100620,2
100621,1
100625,1
100627,1
100628,1
100631,1
100632,1
100635,1
100636,1
100637,1
100638,1
100644,1
100645,3
100647,1
100649,1
100650,2
100660,1
100662,1
100663,2
100665,1
100669,1
100670,1
100671,1
100675,2
100676,1
100678,1
100681,1
100683,1
100691,2
100692,2
100694,1
100696,1
100701,3
100703,1
100704,1
100715,1
100718,1
100719,1
100722,1
100723,1
100725,1
100728,1
100730,2
100734,1
100738,1
100739,2
100741,1
100743,3
100746,1
100747,1
100749,1
100756,1
100758,1
100759,1
100760,1
100761,2
100765,1
100768,1
100769,2
100788,3
100790,1
100791,2
100794,1
100795,1
100797,1
100799,2
100800,1
100801,3
100803,1
100804,2
100805,2
100806,1
100808,1
100809,1
100810,1
100811,3
100812,1
100814,2
100815,2
100817,1
100821,1
100826,1
100827,1
100832,2
100835,1
100837,1
100840,2
100841,1
100842,1
100848,1
100852,1
100853,3
100857,1
100864,1
100869,1
100870,2
100875,2
100876,1
100880,1
100882,2
100883,2
100884,1
100889,1
100893,1
100894,1
100897,1
100898,2
100905,1
100908,1
100911,2
100916,1
100919,2
100920,1
100922,1
100926,1
100930,1
100931,1
100933,1
100934,1
100935,2
100937,2
100939,1
100940,1
100941,1
100942,1
100943,1
100944,1
100945,1
100946,1
100948,1
100951,1
100953,2
100954,1
100960,1
100965,2
100967,1
100968,1
100969,1
100970,1
100972,1
100974,1
100976,1
100977,1
100978,1
100979,1
100981,2
100982,1
100983,1
100984,2
100986,2
100988,1
100990,1
100993,1
100995,2
100996,1
100997,2
101006,1
101008,1
101011,1
101013,1
101014,2
101015,1
101017,1
101018,1
101021,1
101023,1
101024,1
101025,1
101029,1
101031,1
101034,2
101035,1
101037,4
101038,1
101040,1
101043,2
101045,1
101048,1
101055,1
101056,1
101057,1
101059,1
101060,1
101062,1
101066,1
101070,1
101072,1
101074,1
101075,2
101077,1
101078,2
101079,3
101081,1
101083,1
101086,2
101088,1
101093,1
101094,2
101097,1
101098,1
101102,1
101104,1
101105,2
101110,2
101112,1
101113,1
101118,2
101125,2
101130,1
101131,1
101132,1
101133,1
101136,1
101139,2
101141,1
101142,1
101144,1
101146,1
101147,2
101149,1
101152,3
101153,1
101156,2
101157,1
101161,1
101167,1
101168,1
101169,2
101171,2
101180,1
101184,1
101190,1
101194,1
101195,1
101197,1
101203,1
101206,2
101207,1
101208,2
101209,1
101210,1
101219,2
101222,2
101223,1
101224,1
101225,1
101229,1
101230,2
101232,1
101235,3
101237,1
101243,1
101249,2
101251,1
101257,2
101258,1
101263,1
101269,1
101270,1
101277,1
101278,1
101284,1
101289,2
101293,1
101296,1
101300,1
101301,1
101303,1
101306,1
101308,1
101312,1
101313,2
101314,1
101324,2
101326,1
101328,2
101329,1
101330,1
101334,1
101335,1
101337,1
101348,1
101349,1
101350,1
101354,1
101360,1
101363,1
101365,1
101366,1
101367,1
101368,1
101370,2
101371,1
101373,1
101375,1
101378,1
101381,1
101382,1
101387,1
101388,2
101393,1
101397,2
101401,1
101408,1
101409,1
101410,2
101412,2
101414,1
101421,1
101423,1
101424,1
101425,1
101426,1
101428,1
101429,1
101430,1
101432,1
101435,1
101454,1
101458,1
101459,1
101464,1
101473,1
101474,1
101475,1
101478,1
101482,1
101484,2
101487,1
101489,1
101497,1
101498,2
101505,1
101506,1
101511,2
101512,2
101515,1
101516,2
101518,2
101529,2
101530,2
101532,1
101539,1
101543,1
101544,1
101548,1
101551,1
101552,2
101557,1
101561,1
101562,1
101567,1
101576,1
101580,1
101581,2
101585,1
101590,1
101592,1
101594,1
101598,1
101601,1
101602,1
101605,2
101611,1
101624,1
101626,1
101628,2
101630,2
101631,1
101632,1
101635,1
101636,2
101637,1
101640,1
101643,1
101644,1
101647,1
101650,1
101651,1
101660,1
101663,1
101664,1
101669,1
101683,1
101687,1
101689,1
101691,1
101693,1
101696,1
101704,1
101705,1
101708,1
101709,1
101713,1
101717,1
101718,1
101721,1
101724,1
101725,1
101727,2
101728,1
101733,1
101739,2
101747,2
101763,2
101764,1
101766,1
101772,1
101773,1
101774,3
101785,1
101788,1
101791,1
101792,2
101793,1
101794,1
101795,1
101796,1
101798,1
101800,1
101802,1
101811,1
101813,1
101817,1
101822,1
101823,1
101824,1
101827,1
101828,2
101829,1
101832,1
101833,1
101836,1
101838,1
101839,1
101840,1
101841,1
101844,1
101848,2
101852,2
101860,1
101868,2
101869,1
101878,1
101879,1
101880,1
101881,2
101884,1
101886,1
101887,1
101888,1
101889,2
101891,1
101893,2
101894,1
101895,1
101900,1
101902,1
101905,1
101907,1
101909,1
101913,1
101916,1
101918,1
101919,1
101932,1
101939,2
101942,1
101944,1
101945,1
101952,2
101960,1
101963,2
101966,1
101973,1
101983,1
101986,1
101988,1
101995,1
102003,1
102005,1
102008,1
102012,1
102029,1
102030,1
102031,2
102038,1
102041,2
102047,1
102048,2
102050,1
102053,1
102056,1
102058,1
102059,1
102061,1
102067,1
102071,2
102079,1
102086,1
102094,1
102099,1
102101,1
102109,1
102114,1
102119,2
102121,1
102122,3
102142,1
102149,2
102150,1
102160,2
102163,2
102166,1
102168,2
102174,1
102182,1
102190,1
102195,1
102198,1
102207,3
102209,1
102214,1
102220,1
102224,1
102227,2
102235,1
102237,1
102243,1
102244,1
102251,1
102256,1
102265,1
102268,1
102270,1
102272,1
102276,1
102279,1
102286,1
102293,1
102294,1
102295,2
102296,1
102302,1
102303,1
102305,1
102307,1
102309,2
102332,1
102337,2
102341,1
102349,1
102352,1
102361,1
102384,1
102385,1
102388,2
102394,1
102395,1
102402,1
102405,1
102406,1
102411,1
102426,1
102433,1
102436,1
102442,2
102444,1
102448,1
102456,2
102488,1
102495,1
102508,1
102523,1
102526,1
102547,1
102552,3
102571,1
102578,1
102584,2
102588,1
102590,1
102593,1
102599,1
102605,1
102626,1
102629,1
102634,1
102638,1
102640,1
102667,1
102670,1
102672,1
102678,1
102680,1
102681,1
102682,1
102687,1
102691,1
102694,1
102695,1
102701,1
102703,1
102720,1
102733,1
102736,1
102739,1
102745,1
102748,1
102755,2
102768,2
102783,1
102786,1
102795,1
102799,1
102800,1
102802,1
102809,1
102810,1
102813,1
102819,1
102823,1
102831,1
102833,1
102837,1
102840,1
102842,1
102846,1
102850,2
102851,1
102855,1
102866,1
102869,1
102875,1
102881,1
102883,1
102900,1
102906,1
102912,1
102921,1
102945,1
102959,1
102969,1
102975,1
102976,1
103005,1
103012,1
103016,1
103018,1
103035,1
103036,1
103047,1
103052,2
103054,1
103055,1
103062,1
103068,1
103079,1
103081,1
103082,1
103092,1
103093,1
103100,1
103102,1
103104,1
103116,1
103159,1
103163,1
103170,1
103177,1
103200,1
103202,1
103205,1
103228,1
103238,1
103239,1
103253,1
103256,1
103274,1
103275,1
103288,1
103292,1
103293,1
103305,1
103319,1
103340,1
103344,2
103359,1
103360,1
103362,1
103370,1
103380,1
103384,1
103387,1
103389,1
103396,1
103402,1
103410,1
103429,1
103431,1
103433,1
103434,1
103439,1
103468,1
103485,1
103490,1
103514,1
103515,1
103564,1
103568,1
103580,1
103583,1
103586,2
103597,1
103603,1
103609,1
103612,1
103643,1
103644,1
103655,1
103657,1
103663,1
103677,1
103687,1
103708,1
103710,1
103711,1
103718,1
103723,1
103727,1
103728,1
103740,1
103754,1
103755,1
103776,1
103801,1
103806,1
103807,2
103812,1
103819,1
103821,1
103826,1
103828,1
103833,1
103841,1
103845,1
103846,1
103857,1
103859,1
103863,1
103868,1
103883,1
103889,1
103937,1
103956,1
103957,1
103962,1
103965,1
103983,1
103996,1
104005,1
104027,1
104043,1
104060,1
104061,1
104066,1
104081,1
104094,1
104103,1
104109,1
104118,1
104128,1
104148,1
104168,2
104191,1
104205,1
104211,1
104228,1
104236,1
104237,1
104251,1
104288,1
104290,1
104305,1
104309,1
104340,1
104354,1
104357,2
104362,1
104389,2
104419,1
104421,1
104423,1
104425,1
104472,1
104474,1
104506,1
104509,1
104514,1
104526,1
104537,1
104553,1
104558,1
104581,1
104583,1
104598,1
104625,1
104701,1
104720,1
104727,2
104730,1
104739,1
104773,1
104779,1
104781,1
104783,1
104791,1
104798,1
104817,1
104858,1
104874,1
104889,1
104897,1
104900,1
104909,1
104910,1
104934,1
104937,1
104944,1
104947,1
104963,1
104964,1
104982,1
105023,1
105093,1
105095,1
105099,1
105109,1
105110,1
105111,1
105121,1
105125,1
105129,1
105133,1
105157,1
105158,1
105171,2
105174,1
105177,1
105183,1
105195,1
105213,1
105222,1
105233,1
105239,1
105246,1
105269,1
105274,1
105277,1
105288,1
105324,1
105328,1
105350,1
105357,1
105369,1
105370,2
105389,1
105390,2
105395,1
105413,1
105417,1
105441,1
105461,1
105494,1
105507,1
105511,1
105520,1
105528,1
105542,1
105565,1
105589,1
105595,1
105603,1
105617,1
105623,1
105634,1
105641,1
105655,1
105684,1
105721,1
105733,1
105757,1
105772,1
105785,1
105812,1
105860,1
105875,1
105905,1
105912,1
105922,1
105947,1
105980,1
106037,1
106056,1
106059,1
106069,1
106083,1
106085,1
106097,1
106102,1
106117,1
106121,1
106122,1
106126,1
106127,1
106130,1
106139,1
106145,1
106150,1
106164,1
106190,1
106214,1
106217,1
106229,1
106240,1
106244,2
106268,2
106308,1
106313,1
106333,1
106334,1
106343,1
106366,1
106368,1
106370,1
106377,1
106384,1
106397,1
106406,1
106437,1
106451,1
106454,1
106466,1
106535,1
106536,1
106540,1
106577,1
106585,1
106614,1
106649,1
106654,1
106660,1
106724,1
106761,1
106790,1
106808,1
106814,1
106870,1
106884,1
106887,1
106930,1
106943,1
106945,1
106957,1
107017,1
107040,1
107098,1
107131,1
107152,1
107199,1
107210,1
107211,1
107221,1
107246,1
107260,1
107263,1
107299,1
107331,1
107369,1
107375,1
107376,1
107379,1
107380,1
107387,1
107408,1
107424,1
107435,1
107454,1
107460,1
107478,1
107482,1
107493,1
107495,1
107503,1
107509,1
107512,1
107517,1
107543,1
107560,1
107613,1
107629,1
107650,1
107673,1
107678,1
107680,1
107698,1
107700,1
107732,1
107781,1
107782,1
107790,1
107802,1
107818,1
107825,1
107852,1
107871,1
107880,1
107883,1
107895,1
107905,1
107907,1
107908,1
107909,1
107913,1
107921,1
107927,1
107952,1
108000,1
108001,1
108021,1
108079,1
108081,1
108114,1
108119,1
108141,1
108169,1
108176,1
108196,1
108257,1
108308,1
108353,1
108355,1
108358,1
108378,1
108397,1
108436,1
108477,1
108488,1
108518,1
108544,1
108548,1
108564,1
108585,1
108586,1
108587,1
108613,1
108617,1
108659,1
108674,1
108676,1
108684,1
108719,1
108729,1
108740,1
108767,2
108786,1
108798,1
108821,1
108823,1
108841,1
108852,1
108859,1
108881,1
108899,1
108918,1
108952,1
108974,1
108978,1
108987,1
109007,1
109032,1
109034,1
109040,1
109069,1
109078,1
109092,1
109115,1
109167,1
109188,1
109216,1
109220,1
109222,1
109240,1
109317,1
109380,1
109382,1
109406,1
109413,1
109443,1
109463,1
109495,1
109529,1
109543,1
109552,1
109555,1
109573,1
109587,1
109615,1
109630,1
109657,1
109689,1
109697,1
109753,1
109763,1
109783,1
109803,1
109806,1
109818,1
109835,1
109851,1
109873,1
109903,1
109965,1
109966,1
109969,1
110056,1
110059,1
110103,1
110115,1
110125,1
110131,1
110161,1
110165,1
110193,1
110197,1
110231,1
110236,1
110283,1
110333,2
110358,1
110361,1
110362,1
110435,1
110484,1
110487,1
110510,1
110517,1
110519,1
110524,1
110527,1
110533,1
110534,1
110582,1
110591,1
110627,1
110637,1
110663,1
110678,1
110692,1
110705,1
110710,1
110719,1
110762,1
110765,1
110807,1
110808,1
110824,1
110826,1
110853,1
110856,1
110878,1
110881,1
110898,1
110907,1
110914,1
110920,1
110924,1
110970,1
110981,2
110996,1
110997,1
111001,1
111004,1
111064,1
111077,1
111089,1
111097,1
111114,1
111116,1
111120,1
111143,1
111182,1
111187,1
111203,1
111258,1
111277,1
111307,1
111316,1
111325,1
111356,1
111398,1
111412,1
111430,1
111434,1
111435,1
111456,1
111482,1
111509,1
111524,1
111551,1
111570,1
111579,1
111659,1
111666,1
111674,1
111686,1
111934,2
111968,1
111982,1
112039,1
112040,1
112043,1
112054,1
112060,1
112108,1
112109,1
112111,1
112116,1
112121,1
112134,1
112136,1
112155,1
112168,1
112178,1
112184,1
112188,1
112206,1
112215,1
112217,1
112259,1
112279,1
112286,1
112290,1
112299,1
112305,1
112314,1
112332,1
112389,1
112400,1
112401,1
112416,1
112435,1
112439,1
112466,1
112471,1
112495,1
112546,1
112550,1
112557,1
112564,1
112572,1
112585,1
112596,1
112619,1
112629,1
112643,1
112651,1
112674,1
112680,1
112695,2
112704,1
112717,1
112753,1
112823,1
112827,1
112840,1
112847,1
112864,1
112899,1
112913,1
112923,1
112943,1
112952,1
112968,1
113007,1
113043,1
113053,1
113081,1
113110,1
113155,1
113162,1
113255,1
113259,1
113286,1
113297,2
113307,1
113321,1
113342,1
113350,1
113360,1
113373,1
113376,1
113431,1
113452,1
113454,1
113483,1
113498,1
113538,1
113545,1
113584,1
113600,1
113615,1
113621,1
113646,1
113647,1
113741,1
113768,1
113792,1
113809,1
113826,1
113862,1
113875,1
113885,1
113904,1
113945,1
113971,1
113972,1
113973,1
113974,1
113975,1
113983,1
114019,1
114030,1
114051,1
114085,1
114101,1
114112,1
114122,2
114167,1
114188,1
114232,1
114246,1
114276,1
114298,1
114310,1
114321,1
114351,1
114354,1
114395,1
114411,1
114425,1
114475,1
114485,1
114528,1
114536,1
114569,1
114600,1
114603,1
114607,1
114619,1
114624,1
114633,1
114673,1
114747,1
114789,1
114826,1
114828,1
114831,1
114859,1
114872,1
114893,1
114930,1
114938,1
114972,1
114977,1
114990,2
115013,1
115037,1
115051,1
115063,1
115135,1
115136,2
115137,1
115152,1
115162,1
115195,1
115207,1
115208,1
115213,1
115240,1
115259,1
115267,1
115272,1
115284,1
115298,1
115308,1
115350,1
115372,1
115426,1
115443,1
115468,1
115488,1
115502,1
115540,1
115593,1
115594,1
115668,1
115688,1
115691,1
115703,1
115712,1
115714,1
115746,1
115787,1
115801,1
115842,1
115853,1
115855,1
115878,1
115898,1
115913,1
115917,1
115922,1
115948,1
115965,1
115990,1
115994,1
115999,1
116005,2
116016,1
116034,1
116042,1
116044,1
116057,1
116060,1
116063,1
116079,1
116086,1
116098,1
116116,1
116131,1
116146,1
116147,1
116156,1
116158,1
116211,1
116227,1
116231,1
116260,1
116270,1
116326,1
116334,1
116336,1
116342,1
116360,1
116375,1
116388,1
116405,1
116429,1
116437,1
116442,1
116443,1
116447,1
116481,1
116487,1
116504,1
116506,1
116518,1
116522,1
116537,2
116544,1
116548,1
116559,1
116627,1
116648,1
116683,1
116690,1
116702,1
116729,1
116747,1
116822,1
116853,1
116871,1
116883,1
116922,1
116928,1
116979,1
116983,1
117048,1
117070,1
117088,1
117097,1
117103,1
117107,1
117126,1
117133,1
117148,1
117151,1
117164,1
117212,1
117223,1
117249,1
117288,1
117308,1
117311,1
117320,1
117342,1
117370,1
117373,1
117383,1
117437,1
117444,1
117483,1
117519,1
117520,1
117533,1
117540,1
117541,1
117558,1
117584,1
117602,1
117608,1
117657,1
117658,1
117659,1
117662,1
117670,1
117682,1
117702,1
117705,1
117737,1
117760,1
117772,1
117817,1
117878,1
117879,1
117901,1
117949,1
117953,2
117959,1
117977,1
118042,1
118056,1
118080,1
118099,1
118170,1
118185,1
118191,1
118193,1
118194,1
118201,1
118219,1
118229,1
118239,1
118246,2
118259,1
118265,1
118283,1
118311,1
118313,1
118334,1
118351,1
118358,1
118360,1
118378,1
118396,1
118417,1
118418,1
118448,1
118474,1
118478,1
118494,1
118508,1
118525,1
118529,1
118539,1
118585,1
118596,1
118600,1
118602,1
118666,1
118674,1
118682,1
118700,1
118722,1
118771,1
118777,1
118781,1
118807,1
118811,1
118838,1
118841,1
118857,1
118883,1
118923,1
118965,2
118985,1
118989,1
119048,1
119078,1
119088,1
119107,1
119142,1
119189,1
119216,1
119217,1
119263,1
119266,1
119291,1
119338,1
119391,1
119401,1
119427,1
119445,1
119453,1
119477,1
119481,1
119488,1
119513,1
119537,1
119569,1
119589,1
119644,1
119645,1
119684,1
119698,1
119701,1
119743,1
119759,1
119799,1
119805,1
119832,1
119841,1
119855,1
119856,1
119891,1
119903,1
119909,1
119935,1
119946,1
119949,1
120003,1
120035,1
120081,1
120088,1
120096,1
120133,1
120134,1
120142,1
120157,1
120164,1
120203,1
120213,1
120243,1
120311,1
120320,1
120346,1
120347,1
120358,1
120366,1
120395,1
120411,1
120415,1
120448,1
120476,1
120489,1
120506,1
120520,1
120574,1
120599,1
120606,1
120624,1
120639,1
120715,1
120719,1
120749,1
120753,1
120800,1
120825,1
120827,1
120832,1
120858,1
120877,1
120883,1
120885,1
120894,1
120899,1
120906,1
120928,1
120954,1
120966,1
120983,1
121010,1
121019,1
121045,1
121109,1
121110,1
121122,1
121166,1
121167,1
121174,1
121176,1
121190,1
121192,1
121207,1
121209,1
121214,1
121222,1
121224,1
121240,1
121270,1
121305,1
121314,1
121317,1
121347,1
121371,1
121377,1
121379,1
121380,1
121389,1
121396,1
121471,1
121490,1
121498,1
121524,1
121532,1
121548,1
121563,1
121581,1
121594,1
121614,1
121639,1
121664,1
121666,1
121667,1
121675,1
121716,1
121785,1
121797,1
121800,1
121818,1
121824,1
121832,1
121841,1
121888,1
121895,1
121898,1
121900,1
121906,1
121907,2
121910,1
121950,2
121975,1
121996,1
122020,1
122037,1
122058,1
122065,1
122094,1
122097,1
122115,1
122126,1
122128,1
122137,1
122146,1
122151,1
122152,1
122158,1
122176,1
122201,1
122224,1
122256,1
122320,1
122328,1
122334,1
122345,1
122372,1
122391,1
122406,1
122411,1
122424,2
122441,1
122446,1
122491,1
122494,1
122499,1
122501,1
122546,1
122595,1
122602,1
122618,1
122626,1
122649,1
122679,1
122705,1
122707,1
122712,1
122721,1
122722,1
122730,1
122731,1
122738,1
122746,1
122750,1
122759,1
122807,1
122832,1
122846,1
122879,1
122889,1
122904,1
122916,1
122918,1
122930,1
122937,1
122952,1
122965,1
122967,1
122982,1
122987,1
122999,1
123011,1
123026,1
123039,1
123044,1
123088,1
123092,1
123136,1
123140,1
123144,1
123152,1
123163,1
123175,2
123180,1
123198,1
123228,1
123245,1
123246,1
123249,1
123259,1
123282,1
123297,1
123299,1
123309,1
123313,1
123318,1
123335,1
123351,2
123368,1
123398,1
123437,1
123456,1
123493,1
123499,1
123511,1
123512,1
123521,1
123594,1
123609,1
123614,1
123623,1
123627,1
123650,1
123662,2
123686,1
123691,1
123742,1
123771,1
123814,2
123824,1
123852,1
123865,1
123888,1
123918,1
123933,1
123939,1
123965,1
123979,1
123997,1
124054,1
124055,1
124095,1
124104,1
124108,1
124116,1
124120,2
124133,1
124139,1
124168,1
124191,1
124267,1
124269,1
124277,1
124279,1
124329,1
124355,1
124383,1
124387,1
124468,1
124515,1
124533,1
124569,1
124587,1
124589,1
124590,1
124646,1
124654,1
124669,1
124681,1
124735,1
124745,1
124766,1
124780,1
124816,2
124841,1
124892,1
124963,1
124967,1
125002,1
125005,1
125010,1
125043,1
125050,1
125051,1
125058,1
125067,1
125068,1
125097,1
125102,1
125136,1
125137,1
125147,1
125154,1
125166,1
125173,1
125177,1
125194,1
125200,1
125274,1
125368,2
125372,1
125382,2
125403,1
125460,1
125492,1
125529,1
125534,1
125567,1
125589,1
125600,1
125616,1
125627,1
125632,1
125638,2
125654,1
125657,1
125674,1
125714,1
125727,1
125737,1
125812,1
125900,1
125946,1
125947,1
125988,1
126007,1
126042,1
126087,1
126099,1
126123,1
126145,1
126175,1
126195,2
126198,1
126213,1
126229,1
126235,1
126248,1
126263,1
126281,1
126286,1
126309,1
126317,1
126325,1
126336,1
126350,1
126365,1
126372,1
126374,1
126468,1
126490,1
126496,1
126506,1
126515,1
126523,1
126532,1
126548,1
126572,1
126674,1
126682,1
126692,1
126735,1
126746,1
126752,1
126762,1
126764,1
126810,1
126832,1
126877,1
126886,1
126928,1
126943,1
126984,1
126988,1
127003,1
127020,1
127021,1
127042,1
127062,1
127116,1
127144,1
127152,1
127153,1
127174,1
127198,1
127201,1
127246,1
127266,1
127296,1
127334,1
127336,1
127341,1
127360,1
127383,1
127391,1
127418,1
127429,1
127454,1
127464,1
127472,1
127502,1
127504,1
127517,1
127559,1
127561,1
127570,1
127576,1
127581,1
127584,1
127661,1
127711,1
127719,1
127758,1
127795,1
127840,1
127870,1
127886,1
127888,1
127899,1
127924,1
127941,1
127961,1
128001,1
128016,1
128066,2
128068,1
128074,1
128083,1
128093,1
128114,1
128115,1
128117,1
128118,1
128123,1
128136,1
128144,1
128187,1
128196,1
128216,1
128227,1
128232,1
128238,1
128293,1
128325,1
128338,1
128342,1
128358,1
128379,1
128394,1
128395,1
128399,1
128418,1
128420,1
128427,1
128433,1
128452,1
128482,1
128485,1
128499,1
128515,1
128567,1
128576,1
128601,1
128613,1
128629,1
128636,1
128637,2
128666,1
128679,1
128685,1
128701,1
128723,1
128738,1
128756,1
128773,1
128795,1
128810,1
128819,1
128844,1
128858,1
128889,1
128896,1
128897,1
128945,1
128971,1
128987,1
129000,1
129014,1
129035,1
129077,1
129086,1
129091,1
129114,1
129130,1
129140,1
129160,1
129194,1
129202,1
129206,1
129208,1
129209,1
129210,1
129234,1
129243,1
129253,1
129273,1
129280,1
129303,1
129313,1
129323,1
129344,1
129347,1
129352,1
129358,1
129377,1
129380,1
129421,1
129433,1
129535,1
129540,1
129546,1
129599,1
129600,1
129672,1
129679,1
129697,1
129698,1
129716,1
129728,1
129735,1
129739,1
129757,1
129761,1
129775,2
129776,1
129798,1
129804,1
129813,1
129818,1
129838,1
129846,1
129857,1
129872,1
129880,1
129907,1
129924,1
129943,1
129999,1
130013,1
130023,1
130048,1
130069,2
130091,2
130108,1
130110,1
130164,1
130182,1
130184,1
130203,1
130227,1
130272,1
130275,1
130295,1
130309,1
130348,1
130355,1
130364,1
130371,1
130391,1
130425,1
130480,1
130486,1
130512,1
130555,1
130561,1
130597,1
130656,1
130694,1
130706,1
130711,2
130749,1
130759,1
130768,1
130773,1
130782,1
130812,1
130817,1
130857,1
130872,1
130881,1
130901,1
130910,1
130967,1
130969,1
131008,1
131029,1
131068,1
131077,1
131103,1
131118,1
131124,1
131142,2
131157,1
131172,1
131203,1
131207,1
131222,1
131236,1
131263,1
131278,1
131300,1
131310,1
131317,1
131324,1
131339,1
131347,1
131349,1
131358,1
131404,1
131414,1
131444,1
131490,1
131510,1
131531,1
131533,1
131542,1
131554,1
131626,1
131632,1
131646,1
131671,1
131697,1
131704,1
131713,1
131716,1
131749,1
131751,1
131764,1
131808,1
131824,1
131825,1
131876,1
131897,1
131902,1
131924,1
131928,1
131945,1
131973,1
131975,1
131989,1
132007,1
132011,1
132028,1
132037,1
132041,1
132045,1
132081,1
132099,1
132116,1
132144,2
132156,1
132159,1
132172,1
132200,1
132201,2
132209,1
132218,1
132254,1
132271,1
132277,1
132313,1
132315,1
132325,1
132354,1
132364,1
132369,2
132377,2
132398,1
132418,1
132420,1
132422,1
132427,1
132445,1
132462,1
132464,1
132480,2
132487,2
132523,1
132531,1
132547,1
132560,1
132584,1
132624,1
132636,1
132688,1
132718,1
132768,1
132779,2
132780,2
132814,1
132815,1
132835,1
132866,1
132870,1
132881,1
132882,1
132919,1
132927,1
132935,1
132981,1
132985,1
132995,1
133013,1
133080,1
133096,1
133118,1
133146,1
133186,1
133210,1
133216,1
133227,1
133271,1
133290,1
133291,1
133299,1
133317,1
133348,1
133351,1
133408,1
133409,1
133439,1
133448,1
133488,1
133523,1
133528,1
133545,1
133603,1
133604,1
133632,1
133634,1
133642,1
133669,1
133673,1
133677,1
133692,1
133698,1
133700,1
133723,1
133728,2
133735,1
133788,1
133819,1
133820,1
133824,1
133843,1
133861,1
133863,1
133882,1
133888,1
133950,1
133973,1
133984,2
133995,1
133996,1
134002,1
134020,1
134029,1
134033,1
134065,1
134076,1
134090,1
134105,1
134159,1
134169,1
134172,1
134198,1
134201,1
134208,1
134216,1
134229,1
134238,1
134242,1
134268,1
134271,1
134274,1
134296,1
134301,1
134316,1
134329,1
134332,1
134338,1
134346,1
134361,1
134377,1
134380,1
134382,1
134392,1
134396,1
134408,1
134409,1
134421,1
134449,1
134463,1
134491,1
134504,1
134534,1
134539,1
134553,1
134615,1
134621,1
134625,1
134631,1
134645,1
134664,1
134668,1
134675,1
134694,1
134696,1
134698,2
134704,1
134706,1
134723,1
134739,1
134740,1
134755,1
134787,1
134789,1
134797,1
134810,1
134818,1
134838,1
134842,1
134843,1
134876,1
134878,1
134880,1
134881,1
134925,1
134942,1
134961,1
134981,1
134988,1
135018,1
135071,1
135119,1
135169,1
135170,1
135175,1
135178,1
135186,1
135188,1
135189,1
135190,1
135200,1
135203,1
135204,2
135228,1
135231,1
135261,1
135290,1
135308,1
135312,1
135320,1
135333,1
135353,1
135375,1
135430,1
135436,2
135479,1
135490,1
135498,1
135509,1
135528,1
135547,1
135551,1
135568,1
135576,1
135589,1
135617,1
135621,1
135622,1
135625,1
135640,1
135641,1
135675,1
135688,1
135693,1
135701,1
135703,1
135712,1
135713,1
135716,1
135725,1
135775,1
135787,1
135792,1
135816,1
135821,1
135838,1
135845,1
135849,1
135852,1
135869,1
135872,1
135879,1
135898,1
135903,1
135919,1
135922,2
135961,1
135964,1
135991,1
136012,1
136032,1
136040,1
136051,1
136056,1
136069,1
136086,1
136087,1
136094,1
136102,1
136111,1
136124,1
136139,1
136144,1
136146,1
136163,1
136179,1
136180,1
136199,1
136211,1
136218,1
136236,1
136242,1
136254,1
136265,1
136288,1
136300,1
136311,1
136338,1
136363,1
136373,1
136393,1
136416,1
136529,1
136562,1
136573,1
136582,1
136620,1
136675,1
136689,1
136690,1
136708,1
136720,1
136721,1
136722,1
136725,1
136743,1
136771,1
136794,1
136841,1
136858,1
136869,1
136905,1
136907,1
136911,1
136912,1
136922,1
136924,1
136930,1
136947,1
136959,1
136960,1
136974,1
136983,1
137030,1
137047,1
137050,1
137070,1
137078,1
137083,1
137111,1
137127,1
137154,1
137164,1
137176,1
137177,1
137181,1
137192,1
137200,1
137209,1
137229,1
137238,1
137253,1
137256,1
137263,1
137270,1
137274,1
137279,1
137288,1
137298,1
137303,1
137307,1
137313,1
137350,1
137356,1
137368,1
137393,1
137396,1
137437,1
137449,1
137458,1
137465,1
137469,1
137485,1
137488,1
137504,2
137546,1
137561,1
137580,1
137588,1
137602,1
137604,1
137642,1
137660,1
137668,1
137678,1
137726,1
137727,1
137734,1
137740,1
137755,1
137759,1
137763,1
137768,2
137781,1
137783,1
137791,1
137797,1
137799,1
137803,1
137817,1
137829,1
137833,1
137853,1
137865,1
137875,2
137908,1
137913,2
137914,1
137953,1
137989,1
138012,1
138041,1
138054,1
138064,1
138117,1
138139,1
138142,1
138176,1
138180,1
138188,1
138207,2
138213,1
138217,2
138236,1
138251,1
138285,1
138291,1
138304,1
138345,1
138352,1
138356,1
138375,1
138378,1
138405,1
138406,1
138410,1
138413,1
138414,1
138417,2
138468,1
138534,1
138540,1
138563,1
138568,1
138587,1
138626,1
138631,1
138651,1
138657,1
138662,1
138664,1
138686,1
138749,1
138761,1
138807,1
138821,1
138825,1
138858,1
138859,1
138873,1
138894,1
138907,1
138927,1
138931,1
138938,1
138974,1
138984,1
138986,2
139006,1
139008,1
139094,1
139115,2
139120,1
139137,1
139150,1
139166,1
139168,1
139179,1
139184,1
139193,1
139208,1
139209,1
139215,1
139252,1
139276,1
139279,1
139284,1
139296,1
139297,1
139299,1
139326,1
139330,2
139338,1
139346,1
139347,1
139361,1
139387,1
139390,1
139391,1
139395,2
139421,1
139433,1
139440,1
139458,1
139470,1
139493,1
139525,1
139527,1
139539,1
139541,1
139553,1
139559,1
139567,1
139599,1
139605,1
139622,1
139624,1
139643,1
139645,1
139678,1
139703,1
139705,1
139730,1
139738,1
139773,1
139824,1
139828,1
139832,1
139876,1
139877,1
139902,1
139922,1
139947,1
139949,1
139972,1
139978,1
140017,1
140023,1
140029,1
140036,1
140063,1
140072,1
140090,1
140091,1
140100,1
140104,1
140125,1
140132,1
140143,1
140147,1
140154,1
140159,1
140170,1
140172,1
140237,1
140251,1
140259,1
140264,1
140267,1
140274,1
140291,1
140299,1
140317,1
140329,1
140336,1
140349,1
140360,1
140369,1
140372,1
140400,1
140422,1
140429,1
140469,1
140480,1
140500,1
140519,1
140522,1
140528,1
140554,1
140571,1
140583,1
140620,1
140623,1
140626,1
140646,1
140677,1
140690,1
140691,1
140722,1
140746,1
140759,1
140789,1
140828,1
140829,1
140857,1
140878,1
140886,1
140899,1
140920,1
140943,1
140945,1
140951,2
140960,1
140982,1
141001,1
141013,1
141029,1
141034,1
141040,1
141064,1
141131,1
141137,1
141138,1
141173,1
141175,1
141185,1
141188,1
141194,1
141199,1
141217,1
141231,1
141232,1
141233,1
141240,1
141249,1
141282,2
141292,1
141296,1
141314,1
141322,1
141329,1
141346,1
141359,1
141368,1
141390,1
141399,1
141421,1
141422,1
141428,1
141446,1
141492,1
141498,1
141509,1
141519,1
141522,1
141548,1
141564,1
141571,1
141603,1
141607,1
141608,1
141611,1
141615,1
141698,1
141714,1
141715,1
141723,1
141740,1
141742,2
141755,1
141787,1
141788,1
141814,1
141815,1
141820,1
141831,1
141835,1
141848,1
141850,1
141881,1
141886,1
141911,1
141953,1
142041,1
142056,1
142064,1
142086,1
142101,1
142131,1
142134,1
142174,1
142188,1
142207,1
142223,1
142224,1
142227,1
142230,1
142261,1
142262,1
142275,1
142284,1
142301,1
142326,1
142346,1
142356,1
142361,1
142375,1
142382,1
142395,1
142425,1
142433,1
142442,1
142449,2
142467,1
142472,1
142476,1
142480,1
142484,1
142503,1
142505,1
142507,1
142535,1
142559,1
142571,1
142584,1
142585,1
142608,1
142615,1
142625,1
142627,1
142635,1
142639,1
142674,1
142714,1
142734,1
142739,1
142775,1
142788,1
142794,1
142809,1
142813,1
142822,1
142831,1
142846,1
142856,1
142861,2
142865,1
142886,1
142910,1
142912,1
142926,1
142927,1
142928,1
142951,2
142952,1
142953,1
142960,1
142969,1
142983,1
142989,1
143001,1
143002,1
143006,1
143017,1
143018,1
143022,1
143030,1
143039,1
143063,1
143081,1
143115,1
143143,1
143149,1
143168,1
143175,2
143189,1
143211,1
143239,1
143248,1
143263,1
143267,1
143270,1
143281,1
143302,1
143310,1
143323,1
143341,1
143347,1
143371,1
143379,1
143380,1
143387,1
143412,1
143434,1
143446,1
143474,1
143478,1
143480,1
143493,1
143514,1
143542,1
143565,1
143587,1
143614,1
143620,1
143631,1
143661,1
143706,1
143714,1
143717,1
143724,1
143727,1
143729,1
143771,1
143781,1
143787,1
143864,1
143867,1
143883,1
143885,1
143899,1
143901,1
143921,1
143923,1
143946,1
143979,1
143989,1
143991,1
144007,1
144018,1
144032,1
144044,1
144081,1
144089,1
144091,1
144106,1
144145,1
144148,1
144149,1
144154,1
144157,1
144158,1
144170,1
144172,1
144221,1
144239,1
144245,1
144252,1
144265,1
144281,1
144308,1
144310,1
144408,1
144414,1
144419,1
144420,1
144434,1
144440,1
144445,1
144455,1
144463,1
144477,1
144478,1
144481,1
144489,1
144522,1
144539,1
144542,1
144553,1
144594,1
144633,1
144658,1
144684,1
144686,1
144702,1
144722,1
144740,1
144751,1
144762,1
144785,1
144787,1
144790,2
144796,1
144803,1
144835,1
144838,1
144882,1
144957,1
144961,1
144969,1
144973,1
144988,1
145004,1
145006,1
145014,1
145023,1
145086,1
145087,1
145101,1
145131,1
145136,1
145158,1
145190,1
145198,1
145202,1
145208,1
145221,1
145242,1
145253,1
145259,1
145283,1
145292,1
145306,1
145318,1
145339,1
145380,1
145381,1
145405,1
145410,1
145413,1
145443,1
145468,1
145483,1
145518,1
145565,1
145566,1
145591,1
145602,1
145613,1
145615,1
145620,2
145627,1
145641,1
145661,1
145671,1
145674,1
145691,1
145706,1
145713,1
145744,1
145746,1
145749,1
145751,1
145754,1
145763,1
145797,1
145805,1
145809,1
145827,2
145831,1
145852,2
145871,1
145880,1
145882,1
145924,1
145927,1
145957,1
145965,1
146023,1
146028,1
146061,1
146077,1
146078,1
146137,1
146157,1
146171,1
146197,1
146213,1
146217,1
146246,1
146272,1
146275,1
146279,1
146283,1
146295,1
146297,1
146315,1
146320,1
146332,1
146358,1
146366,1
146376,1
146385,1
146391,1
146394,1
146408,1
146419,1
146428,1
146437,1
146442,1
146446,1
146466,1
146467,1
146472,1
146512,1
146534,1
146541,1
146576,1
146582,1
146596,1
146600,1
146605,1
146610,1
146620,1
146623,1
146635,1
146645,1
146646,1
146667,1
146677,1
146680,1
146684,1
146710,1
146720,1
146723,1
146730,1
146740,1
146748,1
146760,1
146767,1
146775,1
146794,1
146804,1
146805,1
146832,1
146847,1
146873,1
146893,1
146900,1
146907,1
146912,1
146922,1
146927,1
146936,1
147006,1
147026,1
147043,1
147078,1
147094,1
147098,1
147115,1
147134,1
147143,2
147147,1
147165,1
147173,1
147188,1
147201,1
147219,1
147227,1
147242,1
147264,1
147268,2
147273,1
147309,1
147349,2
147364,1
147376,1
147383,1
147385,1
147393,1
147398,1
147418,1
147424,1
147426,1
147429,1
147520,1
147523,1
147536,1
147563,1
147564,1
147575,1
147582,1
147583,1
147601,1
147615,1
147626,1
147638,1
147653,1
147683,1
147704,1
147710,1
147757,1
147806,1
147810,1
147816,1
147832,1
147840,1
147867,1
147870,1
147872,1
147876,1
147888,1
147956,1
147959,1
147974,1
147987,1
147991,1
147995,1
148007,1
148013,1
148020,1
148026,1
148045,1
148057,1
148062,1
148088,1
148089,1
148156,1
148165,1
148179,1
148186,1
148235,1
148248,1
148272,1
148276,1
148294,1
148309,1
148315,1
148327,1
148335,1
148346,1
148354,2
148360,1
148370,1
148375,1
148402,1
148408,1
148435,1
148438,1
148492,1
148499,1
148508,1
148520,1
148527,1
148534,1
148536,1
148543,1
148553,1
148576,1
148580,1
148587,1
148595,1
148612,1
148642,1
148657,1
148659,1
148660,1
148666,1
148667,1
148672,1
148674,1
148686,1
148704,2
148713,1
148714,1
148728,1
148742,1
148774,1
148785,1
148787,1
148788,1
148800,1
148810,1
148849,1
148881,1
148907,1
148912,1
148915,1
148939,1
148956,1
148963,1
148972,1
148979,1
148987,1
149033,1
149037,1
149041,1
149043,1
149077,1
149109,1
149121,1
149191,1
149203,1
149236,1
149237,1
149254,1
149262,1
149270,1
149276,1
149278,1
149279,1
149302,1
149340,2
149342,1
149349,1
149351,1
149352,1
149365,1
149396,1
149477,1
149515,1
149516,1
149518,1
149573,1
149594,1
149595,1
149605,1
149609,1
149631,1
149655,1
149667,1
149680,1
149685,1
149697,1
149701,2
149749,1
149758,1
149769,1
149772,1
149790,1
149797,1
149803,1
149817,1
149845,1
149868,1
149873,1
149882,1
149902,1
149914,1
149925,1
149942,1
149984,1
149992,1
149993,1
150030,1
150062,1
150076,1
150109,1
150116,1
150146,1
150179,1
150182,1
150206,1
150241,1
150251,1
150252,1
150271,1
150367,1
150396,1
150429,1
150470,2
150512,1
150525,1
150578,1
150603,1
150611,1
150690,1
150701,1
150793,1
150817,1
150821,1
150845,1
150870,1
150878,1
150879,1
150897,1
150917,1
150944,1
150945,1
151003,1
151019,1
151048,1
151095,1
151141,1
151157,1
151162,2
151170,1
151183,1
151199,1
151274,1
151278,1
151348,1
151366,1
151385,1
151394,1
151410,1
151435,2
151458,1
151469,1
151474,1
151481,1
151500,1
151520,1
151522,1
151539,1
151601,1
151606,1
151687,1
151711,1
151770,1
151793,1
151854,1
151857,1
151889,1
151900,1
151970,1
151988,1
152012,1
152026,1
152040,1
152057,1
152070,1
152092,1
152095,1
152178,1
152181,1
152215,1
152223,1
152226,1
152244,1
152268,1
152278,1
152292,1
152312,1
152365,1
152443,1
152446,1
152512,1
152533,1
152550,1
152575,1
152635,1
152636,1
152690,1
152715,1
152729,2
152749,1
152774,1
152825,1
152848,1
152895,1
152902,1
152929,1
152930,1
152996,1
153009,1
153014,1
153024,1
153054,1
153064,1
153168,1
153223,1
153339,1
153364,1
153430,1
153458,1
153476,1
153524,1
153569,1
153590,2
153591,2
153595,1
153660,1
153674,1
153706,1
153748,1
153767,1
153775,1
153791,1
153825,1
153834,1
153849,1
153881,1
153886,1
153911,1
153955,1
153962,1
153964,1
154022,1
154027,1
154090,1
154123,1
154127,1
154134,1
154171,2
154178,1
154209,1
154246,1
154273,1
154281,1
154304,1
154368,1
154388,1
154444,1
154447,1
154457,1
154492,1
154528,1
154550,2
154591,1
154689,1
154709,1
154720,1
154728,1
154738,1
154742,1
154771,1
154789,1
154815,1
154852,1
154854,1
154869,1
154925,1
154933,1
154954,1
154963,1
154971,1
154990,1
155000,1
155020,1
155021,1
155023,1
155062,1
155078,1
155141,1
155157,1
155319,1
155354,1
155391,1
155400,1
155403,1
155442,1
155490,1
155555,1
155574,2
155598,1
155599,1
155624,1
155673,1
155703,1
155733,1
155735,1
155763,1
155773,1
155861,1
155910,2
155932,1
155936,1
155999,1
156006,1
156021,2
156031,1
156064,1
156075,1
156097,1
156152,1
156173,1
156271,1
156274,1
156306,2
156312,1
156348,1
156415,1
156471,1
156477,1
156500,1
156508,1
156533,1
156547,1
156580,1
156632,1
156657,1
156665,1
156687,1
156854,1
156869,1
156895,1
156943,1
156974,1
156979,1
156997,1
157012,1
157061,1
157114,1
157115,1
157128,1
157158,1
157163,1
157216,1
157267,1
157273,1
157275,1
157298,1
157303,1
157310,1
157350,1
157409,1
157442,1
157488,1
157499,1
157569,1
157587,1
157616,1
157626,1
157634,1
157669,1
157715,1
157844,1
157847,1
157883,1
157957,1
158001,1
158006,1
158013,1
158099,1
158114,1
158128,1
158163,1
158181,1
158248,1
158276,1
158314,1
158323,1
158377,1
158403,1
158418,1
158474,1
158508,1
158533,1
158587,1
158601,1
158619,1
158794,1
158808,1
158883,1
158947,1
158993,1
159049,1
159087,1
159098,1
159189,1
159195,1
159211,1
159276,1
159302,1
159308,1
159347,1
159444,1
159449,1
159453,1
159531,1
159532,1
159557,1
159609,1
159663,1
159692,1
159701,1
159735,1
159795,1
159810,1
159830,1
159850,1
159903,1
159927,1
159993,1
160033,1
160069,1
160104,1
160109,1
160162,1
160163,1
160193,1
160277,1
160380,1
160395,1
160519,1
160633,1
160662,1
160667,1
160710,2
160796,1
160845,1
160861,1
160864,1
160896,1
160941,1
160972,1
161000,1
161017,1
161021,1
161026,1
161030,1
161039,1
161064,1
161090,1
161097,2
161200,1
161235,1
161322,1
161373,1
161458,1
161515,1
161633,1
161655,1
161662,1
161680,1
161685,1
161715,1
161754,1
161781,1
161872,1
161930,1
161980,1
161999,1
162066,1
162072,1
162160,1
162232,1
162283,1
162304,1
162315,1
162326,1
162381,1
162384,1
162400,1
162403,1
162424,1
162528,1
162556,1
162565,1
162596,1
162649,1
162665,1
162732,1
162778,1
162888,1
162934,1
163061,1
163081,1
163111,1
163160,1
163208,1
163243,1
163306,1
163426,1
163462,1
163471,1
163488,1
163654,1
163698,1
163722,1
163820,1
163948,1
163953,1
164054,1
164068,1
164070,1
164149,1
164205,1
164253,1
164334,1
164349,1
164362,1
164454,1
164497,1
164503,1
164537,1
164676,1
164738,1
164760,1
164772,1
164796,1
164827,1
164842,1
164847,1
164862,1
164906,1
164928,1
164947,1
164955,1
164967,1
165001,1
165065,1
165073,1
165090,1
165121,1
165137,1
165171,1
165211,1
165221,1
165224,1
165259,1
165306,1
165316,1
165337,1
165366,1
165429,1
165486,1
165566,1
165580,1
165613,1
165655,1
165692,1
165720,1
165945,1
166004,1
166038,1
166092,1
166131,1
166176,1
166249,1
166260,1
166266,1
166277,1
166281,1
166324,1
166326,1
166384,1
166412,1
166429,1
166483,2
166486,1
166520,1
166536,1
166580,1
166614,1
166693,1
166729,1
166808,1
166915,1
166943,1
166945,2
166957,1
167014,1
167051,1
167119,1
167145,1
167212,1
167276,1
167400,1
167410,1
167444,1
167451,1
167476,1
167512,1
167540,1
167574,1
167580,1
167612,1
167675,1
167692,1
167697,1
167767,1
167898,1
167926,1
167945,1
168007,1
168052,1
168081,1
168096,1
168130,1
168240,1
168339,1
168439,1
168453,1
168469,1
168569,1
168634,1
168737,1
168743,1
168752,1
168756,1
168903,1
168905,1
168925,1
168944,1
168978,1
168985,1
168989,1
169056,1
169098,1
169099,1
169135,1
169148,1
169184,1
169213,1
169244,1
169246,1
169315,1
169395,1
169427,1
169456,1
169463,1
169580,1
169615,1
169648,1
169666,1
169670,1
169689,1
169690,1
169774,1
169915,1
169960,1
170008,1
170082,1
170091,1
170098,1
170135,1
170166,1
170209,1
170304,1
170308,1
170369,1
170396,1
170399,1
170404,1
170475,1
170506,1
170519,1
170581,1
170688,1
170759,1
170765,1
170770,1
170810,1
170830,1
170833,1
170868,1
170896,1
170905,1
170970,1
171042,1
171087,1
171274,1
171312,1
171357,1
171392,1
171439,1
171469,1
171471,1
171477,1
171520,1
171525,1
171552,1
171584,1
171626,1
171660,1
171708,1
171770,1
171851,1
171858,1
171972,1
172070,1
172090,1
172171,1
172192,1
172211,1
172213,1
172293,1
172479,1
172500,1
172552,1
172590,1
172600,1
172623,1
172644,2
172651,1
172711,1
172727,1
172755,1
172896,1
173040,1
173059,1
173079,1
173087,1
173103,1
173271,1
173373,1
173389,1
173463,1
173528,1
173546,1
173621,1
173718,1
173719,1
173742,1
173751,1
173769,1
173805,1
173842,1
173850,1
173925,1
173945,1
173967,1
174036,1
174098,1
174102,1
174173,1
174187,1
174199,1
174337,1
174348,1
174397,1
174518,1
174552,1
174656,1
174677,1
174689,1
174730,1
174744,1
174792,1
174830,1
174913,1
174968,1
174982,1
175092,1
175192,1
175206,1
175238,1
175337,1
175383,1
175440,1
175454,1
175614,1
175646,1
175761,1
175938,1
175986,1
175992,1
176016,1
176031,1
176089,1
176174,1
176255,1
176293,1
176299,1
176332,2
176353,1
176424,1
176465,1
176622,1
176648,1
176676,1
176694,1
176696,1
176716,1
176753,1
176835,1
176939,1
176951,1
176956,1
176970,1
176975,1
177043,1
177170,1
177179,1
177232,1
177246,1
177260,1
177282,1
177392,1
177434,1
177437,1
177509,1
177637,1
177696,1
177750,1
177793,1
177800,1
177891,1
177910,1
178011,1
178070,1
178230,1
178306,1
178385,1
178407,1
178425,1
178503,1
178504,1
178740,2
178759,1
178777,1
178779,1
178796,1
178806,1
178881,1
178951,1
179075,1
179185,1
179200,1
179245,1
179254,1
179273,1
179357,1
179363,1
179487,1
179519,1
179531,1
179592,1
179595,1
179599,1
179611,1
179655,1
179722,1
179740,1
179779,1
179857,1
179892,1
179963,1
179969,1
180102,1
180222,1
180245,1
180256,1
180371,1
180552,1
180623,1
180678,1
180710,1
180727,1
180774,1
180822,1
180890,1
180894,1
180926,1
180995,1
181100,1
181135,1
181370,1
181471,1
181525,1
181559,1
181589,1
181594,1
181665,1
181676,1
181696,1
181814,1
181875,1
182006,1
182025,1
182112,1
182219,1
182250,1
182358,1
182368,1
182451,2
182473,1
182503,1
182512,1
182557,1
182615,1
182619,1
182897,1
182899,1
183008,1
183016,1
183129,1
183236,1
183321,1
183378,1
183548,1
183614,1
183744,1
183823,1
183826,1
183866,1
183875,1
183897,1
184011,1
184092,1
184353,1
184363,1
184378,1
184385,1
184414,1
184636,1
184667,1
184771,1
184801,1
185005,1
185019,1
185059,1
185112,1
185281,1
185318,1
185467,1
185476,1
185551,1
185580,1
185923,1
186012,1
186368,1
186372,1
186483,1
186504,1
186626,1
186712,1
186713,1
186766,1
187108,1
187589,1
187607,1
187666,1
187735,1
187933,1
187999,1
188628,1
189889,1
191289,1
191669,1
193026,1
193764,1
194622,1
195262,1
217914,1
