23840477,1
